orig
11
1
1
5
3
1
1
1
1
29
15
65
1
0
0
5
4
0
1
1
0
7
5
0
19
0
2
0
1
3
2
1
2
1
1
1
16
1
1
6
141
110
0
0
0
1
1
0
6
1
57
1
1
0
2
0
1
0
10
142
1
6
3
1
0
6
3
2
1
2
2
1
1
1
3
7
27
5
5
0
1
0
25
0
45
2
16
2
32
2
4
0
4
3
1
0
1
5
2
1
5
10
1
1
11
0
76
7
1
5
10
7
3
1
1
3
437
1
76
0
237
4
22
1
1
6
1
0
18
8
3
102
1
18
37
3
1
0
7
1
9
1
5
7
0
0
2
1
7
1
0
0
0
1
16
2
0
11
1
2
1
2
9
0
0
3
1
9
1
34
1
3
3
1
3
1
1
0
377
40
92
1
0
93
1
2
28
87
4
1
24
17
35
1
3
7
9
1
1
3
1
0
3
398
0
0
4
44
0
1
9
12
0
1
3
14
39
2
9
363
1
1
0
10
0
1
1
1
32
15
0
3
2073
258
0
45
483
5
25
2
19
1
77
2
12
1
5
576
11
10
147
9977
56
16
0
43
117
0
31
0
2
46
469
0
2
1
542
60
1
13
14
26
46
4
1
6
5
0
2
1
3
21
1104
4
6
22
0
17
12
365
2
356
7
66
1
0
25
0
5
2
1
0
3
2
2
21
13
5
1
0
5
4
4
31
1
5
266
23
42
40
20
1
139
5
0
2
0
2
0
1
2
1
4
0
56
27
2
1
4
0
53
25
83
8
0
3
84
71
3
1
8
2
13
15
1
4
1
1
2
2
0
0
1
1
131
0
1
16
2
24
22
31
277
26
82
0
271
4
40
13
10
100
3
24
7
4
649
87
54
1
67
0
2
18
2
2
3
0
1
4
1
0
12
1
4
15
23
3
0
9
3
7
1
1
0
0
5
156
1
2
6
0
2
15
4
0
0
0
39
2
1
1
0
1
1
1
2
0
44
1
4
1
1
3
0
1
0
0
27
1
146
11
4
68
2
3
1
27
26
1
2
1
1
0
0
1
4
5
18
2
0
0
0
0
1
83
1
1
4
24
0
1
1
8
1
0
0
0
0
0
0
0
0
1
354
662
0
0
0
7
55
2
155
2
1
59
1
0
1
0
0
1
1
20
0
10
1
1
2
11
91
1
536
4
1
174
1
180
1
273
1
2
0
0
11
2
1
2532
135
182
69
209
68
0
4
1
2
11
0
13
1
154
1
0
11
6
1
53
0
1
0
35
3
6
0
2
4
13
1
4
68
266
0
9
1
0
6
0
3
3
1
0
2
0
1
2
2
2
3
0
0
0
1
0
8
25
6
4
1
1
2
0
59
1
4
0
3
26
13
75
116
1
23
3
8
5
3
1
0
0
1
1
1
12
27
1
1
48
1
9
0
0
0
748
1
17
3
9
98
36
9
12
30
4
1
8
6
2
1
1
1
30
15
48
11
16
241
63
8
52
722
2
543
1
5
4055
17
98
1
4
0
1
9
80
2
65
5
257
295
1825
5
5
108
1
2
1
23
29
12
7
3
2
1416
2
4
6
0
7
1
3
5
9
1
49
492
10
16
9
1
1
7
21
1
31
0
0
156
6
30
1
0
36
795
2181
2840
1455
3
321
13
2
41
2
2
0
1
1047
8
2
0
0
1
1
1
0
0
41
3
7
222
39
1
0
0
0
3
0
3
0
1
5
0
1
3
45
0
1
1
0
10
13
22
12
6
1
3
2
100
1
0
13
6
84
1
80
4
3
0
2
1
1
4
1
33
4
6
1
39
5
0
3
2
17
6
4
0
0
3
0
0
2
0
1
1
47
8
16
22
9
2
0
0
2
0
2
11
0
3
1
0
3
0
3
0
0
1
0
2
0
1
0
71
1
29
3
4
0
0
5
1
65
1
1
2
3
2
172
64
0
0
0
1
6
0
0
10
52
887
6
1
1
2
12
42
2
0
9
6
11
3
2
0
1
1
18
0
0
0
1
2
2
2
3
19
1
1
2
3
1
0
0
1
1
0
0
64
0
348
23
1
2
0
0
2
1
0
1
3
0
2
0
0
17
7
4
3
0
0
0
0
1
0
30
13
0
0
2
2
26
4
41
0
9
0
1
2
2
0
0
1
28
1
1
1
0
15
61
3
21
5
1
23
0
20
0
2
2
3
2
2
7
39
1
3
1
1
2
1
2
3
99
2
70
8
21
17
4
1
0
15
2
44
7
0
18
19
1
850
2
3
0
0
0
1
3
3
16
1
1
7
0
1
0
1
4
9
13
1
0
0
2
40
1
2
282
69
590
2
24
1
0
22
3
1
1
0
5
53
4
6
0
0
4
10
0
0
0
0
1
3
0
0
74
3
4
2
4
1
3
23
4
15
12
3
0
71
3
0
20
4
4
2
3
27
1
50
2
1
3
9
4
1
1
1
4
1
7
1
1
0
0
0
0
0
1
2
12
4
3
2
1
7
7
6
2
1
4
9
1
2
0
0
3
3
2
0
0
1
45
1
1
0
0
5
0
2
2
2
1
0
4
0
3
4
1
0
3
13
1
8
0
16
4
0
1
30
8
6
1
0
2
4
1
1
1
10
3
2
0
6
1
16
1
1
6
0
1
1
1
0
0
1
1
0
1
0
114
0
0
6
1
9
12
1
5
2
231
0
29
10
1
1
0
1
0
0
0
11
2
1
0
31
2
5
1
121
0
0
13
77
2
1
13
1
0
1
1
1
59
0
17
18
84
1
1
3
0
0
977
1
1
0
1
17
0
53
0
1
0
45
0
1
0
21
2
8
1
3
3
2
3
2
17
140
9
90
1
49
2
138
577
2
10
139
2156
616
0
79
1
1
44
7
20
66
337
0
1
5
1
30
4
192
1
6
136
1
21
1
20
50
1
3
114
50
112
2
11
12
1
15
1
4
176
65
40
15
24
6
57
1
8
0
3
6
4
26
1
372
13
7
60
5
66
1
0
454
308
24
2
1
2
1
0
9
3
6
1
0
1
2
1
4
9
119
204
39
1
5430
41
438
242
2
193
4
240
51
107
1
11
110
1015
1
46
1
11
1
2
2
2
4
0
1
5
0
2
0
0
1
2
1
21
2
2
0
1
5
0
0
1
8
105
0
23
0
9
38
59
1
20
9
1
2
8
3
30
6
3254
9
1
0
26
1
60
3
19
1
0
1
1
1
0
2
2
291
55
30
120
37
14
1684
73
1
1
86
15
0
0
0
0
0
1
0
1
2
11
1
14
3
5
0
2
7
4
5
159
3
17
5
2
19
2
0
0
1
1
6
1
16
2215
1
2
1
0
0
14
24
0
1
22
6
0
121
1
3
0
0
6
140
2
85
2
54
10
51
54
34
7
1
10
1
1
22
2
8
1
541
413
16
2435
55
524
16829
852
2
6
1
15
0
0
37
1
3
461
1
3
0
3
22
0
0
7
8
3
5
4
1
0
1
1
1
0
1
4
1
3
5
2
15
3
4
2
53
0
1
5
2
51
4
48
0
3
96
0
83
1
82
0
1
5
1
2
0
1
2
1
246
9510
8
34
7551
1
0
2
15
0
35
0
1
2
27
0
0
2
24
0
51
339
0
0
515
13
82
9
26
5
32
12
0
6
3
0
6
0
0
1
2
85
3
3
1
0
27
3
1
1
13
71
0
2
9
0
0
1
0
3
0
1
18
1
132
0
1
0
0
2
3
0
15
80
1
1
0
0
11
1
0
0
0
13
3
0
0
7
3
1
0
0
1
0
33
1
3
0
1
73
0
2
41
58
13
1
50
205
198
13
1
3
1
63
1
2
1
0
0
1
11
1
3
1
0
2
6
0
2
2
2
0
0
23
20
2
