origGEO
0
1
0
1
1
1
1
1
0
4
15
51
1
0
0
0
1
0
1
1
0
7
5
0
5
0
2
0
0
1
2
1
2
1
1
1
16
1
1
5
127
84
0
0
0
1
1
0
0
0
29
0
1
0
2
0
1
0
10
8
0
6
3
1
0
0
3
0
1
2
2
1
1
1
2
1
0
5
0
0
1
0
4
0
8
0
0
0
2
1
3
0
4
3
1
0
0
5
2
1
5
9
1
1
1
0
7
0
0
5
2
1
3
0
1
3
10
1
3
0
1
0
0
1
1
1
1
0
18
1
3
101
1
16
7
3
1
0
6
1
9
1
0
7
0
0
2
1
7
1
0
0
0
1
16
0
0
11
1
1
1
1
8
0
0
1
1
0
1
15
0
0
0
1
3
0
1
0
112
34
50
0
0
20
0
0
3
73
3
1
15
10
26
1
3
5
8
0
1
3
1
0
3
176
0
0
1
16
0
0
9
0
0
1
0
0
27
2
1
67
1
0
0
1
0
0
1
1
28
8
0
3
983
109
0
14
438
5
25
2
17
1
72
1
4
1
4
34
11
8
35
3260
56
16
0
35
31
0
28
0
2
26
393
0
2
1
154
43
1
13
14
22
45
4
1
6
3
0
1
1
3
21
305
3
2
22
0
16
10
115
2
315
6
33
1
0
15
0
3
0
1
0
3
2
2
0
11
5
1
0
5
4
4
4
1
5
261
23
3
16
0
1
135
5
0
2
0
1
0
1
2
1
3
0
54
26
2
1
4
0
43
24
69
8
0
3
72
65
3
1
0
2
12
14
1
4
1
1
0
0
0
0
1
0
98
0
1
10
2
23
19
29
244
21
61
0
11
4
34
8
5
34
3
24
7
4
530
69
29
1
43
0
1
10
1
2
3
0
1
4
1
0
4
1
2
14
5
1
0
0
2
7
1
1
0
0
5
153
0
0
6
0
2
1
4
0
0
0
0
2
1
0
0
1
1
1
2
0
3
1
4
1
1
1
0
1
0
0
2
1
39
0
0
63
2
1
1
26
8
0
0
1
1
0
0
0
4
0
18
1
0
0
0
0
1
10
1
1
3
21
0
0
1
2
1
0
0
0
0
0
0
0
0
1
71
86
0
0
0
6
35
2
109
2
1
59
1
0
1
0
0
0
1
20
0
8
1
1
2
9
75
0
70
4
1
147
1
0
0
23
0
1
0
0
10
2
0
1277
125
160
46
2
2
0
4
0
2
11
0
13
1
153
0
0
7
4
1
45
0
1
0
4
0
5
0
1
0
3
1
1
54
217
0
9
1
0
5
0
3
2
1
0
1
0
1
1
2
2
0
0
0
0
0
0
6
23
4
1
1
1
2
0
0
1
4
0
3
19
3
6
9
1
2
2
1
1
2
1
0
0
1
1
1
12
23
1
1
46
1
0
0
0
0
172
1
15
3
8
61
1
2
0
2
4
1
8
0
0
0
1
0
26
5
10
11
14
69
46
2
37
214
2
316
1
4
270
5
68
1
3
0
1
7
60
1
53
4
248
129
346
4
5
0
0
2
1
2
0
2
6
3
0
231
2
4
3
0
7
1
0
0
0
1
28
103
8
2
5
1
0
6
20
0
30
0
0
48
3
15
1
0
2
411
6
1140
113
3
169
2
2
21
0
2
0
1
29
7
0
0
0
1
0
1
0
0
31
3
0
3
35
1
0
0
0
3
0
3
0
1
5
0
0
0
11
0
1
1
0
9
13
2
0
1
1
3
2
21
0
0
8
1
15
1
75
2
3
0
2
0
0
2
1
1
3
6
1
37
5
0
3
2
17
6
4
0
0
3
0
0
2
0
1
0
0
0
0
6
9
2
0
0
2
0
2
4
0
3
1
0
3
0
3
0
0
0
0
2
0
1
0
49
1
28
2
2
0
0
5
1
11
1
1
1
3
0
23
64
0
0
0
0
5
0
0
0
50
325
6
1
1
2
12
42
0
0
2
2
9
3
1
0
1
1
0
0
0
0
1
2
1
2
0
19
0
1
2
3
1
0
0
1
1
0
0
32
0
9
15
1
2
0
0
2
0
0
1
2
0
2
0
0
17
7
1
3
0
0
0
0
1
0
27
13
0
0
0
1
9
0
1
0
9
0
1
2
1
0
0
1
4
1
1
1
0
15
51
0
7
5
1
22
0
17
0
1
2
3
2
2
7
30
1
3
1
1
2
1
2
2
91
2
69
8
17
3
4
1
0
15
0
22
7
0
18
15
1
0
2
1
0
0
0
1
0
0
1
1
0
7
0
0
0
1
4
5
8
1
0
0
0
40
0
2
154
64
530
0
10
1
0
9
3
1
1
0
5
14
0
0
0
0
3
4
0
0
0
0
1
0
0
0
71
1
0
0
2
1
3
15
4
13
11
0
0
15
3
0
2
2
2
1
2
27
1
47
2
1
3
7
4
1
1
1
2
1
2
1
0
0
0
0
0
0
0
0
12
4
3
0
1
7
6
6
2
1
4
9
1
0
0
0
3
3
2
0
0
1
32
1
1
0
0
5
0
2
2
0
0
0
2
0
2
4
1
0
3
1
1
8
0
16
4
0
0
26
6
0
1
0
0
1
0
1
0
5
0
2
0
6
1
6
1
1
5
0
0
0
1
0
0
1
1
0
1
0
110
0
0
0
0
0
3
1
3
1
14
0
4
10
0
1
0
1
0
0
0
10
0
0
0
0
2
2
1
106
0
0
9
50
2
0
10
1
0
1
1
1
22
0
14
8
11
0
0
0
0
0
191
0
0
0
1
15
0
41
0
1
0
44
0
1
0
0
2
1
1
3
0
1
0
2
17
29
7
47
0
0
2
2
14
0
10
23
5
7
0
5
1
0
6
4
19
51
41
0
1
5
1
25
0
185
1
6
116
1
20
1
11
39
1
3
3
0
24
2
5
6
1
15
1
4
156
61
26
15
22
6
47
1
8
0
0
2
1
24
1
243
11
3
50
5
61
0
0
50
49
18
2
1
2
1
0
0
0
0
0
0
0
1
0
4
6
61
191
22
0
2713
4
216
216
2
151
4
81
15
94
1
8
89
661
0
40
1
9
1
2
2
2
4
0
1
3
0
2
0
0
0
2
1
20
2
2
0
1
4
0
0
0
0
18
0
12
0
9
3
29
1
7
6
1
2
7
3
27
2
1816
8
1
0
26
1
29
2
18
1
0
1
1
1
0
0
2
273
54
25
115
34
9
1512
68
1
1
23
1
0
0
0
0
0
1
0
1
2
11
1
14
0
5
0
2
0
0
0
38
3
16
0
2
3
1
0
0
1
1
5
1
2
166
0
0
1
0
0
13
24
0
0
4
6
0
38
0
1
0
0
1
25
2
19
0
22
0
28
13
17
1
0
2
1
0
6
0
0
1
334
232
0
1427
39
111
7651
442
0
6
1
15
0
0
3
0
3
177
0
2
0
3
18
0
0
1
6
0
1
0
1
0
1
1
1
0
0
4
1
3
5
2
13
3
4
2
49
0
1
1
0
46
1
24
0
3
33
0
37
1
8
0
1
4
1
2
0
1
2
1
84
131
2
16
2496
1
0
2
12
0
0
0
1
2
24
0
0
2
9
0
7
3
0
0
458
13
75
9
23
5
29
12
0
3
3
0
0
0
0
0
0
0
2
3
1
0
1
3
0
1
12
57
0
2
3
0
0
1
0
2
0
1
18
1
15
0
1
0
0
2
3
0
14
60
1
1
0
0
0
0
0
0
0
13
0
0
0
1
3
0
0
0
1
0
2
1
3
0
0
22
0
0
0
22
0
1
9
22
0
0
0
0
0
12
1
1
1
0
0
1
6
1
3
0
0
2
6
0
2
2
2
0
0
0
0
0
