origSRA
11
0
1
4
2
0
0
0
1
25
0
14
0
0
0
5
3
0
0
0
0
0
0
0
14
0
0
0
1
2
0
0
0
0
0
0
0
0
0
1
14
26
0
0
0
0
0
0
6
1
28
1
0
0
0
0
0
0
0
134
1
0
0
0
0
6
0
2
0
0
0
0
0
0
1
6
27
0
5
0
0
0
21
0
37
2
16
2
30
1
1
0
0
0
0
0
1
0
0
0
0
1
0
0
10
0
69
7
1
0
8
6
0
1
0
0
427
0
73
0
236
4
22
0
0
5
0
0
0
7
0
1
0
2
30
0
0
0
1
0
0
0
5
0
0
0
0
0
0
0
0
0
0
0
0
2
0
0
0
1
0
1
1
0
0
2
0
9
0
19
1
3
3
0
0
1
0
0
265
6
42
1
0
73
1
2
25
14
1
0
9
7
9
0
0
2
1
1
0
0
0
0
0
222
0
0
3
28
0
1
0
12
0
0
3
14
12
0
8
296
0
1
0
9
0
1
0
0
4
7
0
0
1090
149
0
31
45
0
0
0
2
0
5
1
8
0
1
542
0
2
112
6717
0
0
0
8
86
0
3
0
0
20
76
0
0
0
388
17
0
0
0
4
1
0
0
0
2
0
1
0
0
0
799
1
4
0
0
1
2
250
0
41
1
33
0
0
10
0
2
2
0
0
0
0
0
21
2
0
0
0
0
0
0
27
0
0
5
0
39
24
20
0
4
0
0
0
0
1
0
0
0
0
1
0
2
1
0
0
0
0
10
1
14
0
0
0
12
6
0
0
8
0
1
1
0
0
0
0
2
2
0
0
0
1
33
0
0
6
0
1
3
2
33
5
21
0
260
0
6
5
5
66
0
0
0
0
119
18
25
0
24
0
1
8
1
0
0
0
0
0
0
0
8
0
2
1
18
2
0
9
1
0
0
0
0
0
0
3
1
2
0
0
0
14
0
0
0
0
39
0
0
1
0
0
0
0
0
0
41
0
0
0
0
2
0
0
0
0
25
0
107
11
4
5
0
2
0
1
18
1
2
0
0
0
0
1
0
5
0
1
0
0
0
0
0
73
0
0
1
3
0
1
0
6
0
0
0
0
0
0
0
0
0
0
283
576
0
0
0
1
20
0
46
0
0
0
0
0
0
0
0
1
0
0
0
2
0
0
0
2
16
1
466
0
0
27
0
180
1
250
1
1
0
0
1
0
1
1255
10
22
23
207
66
0
0
1
0
0
0
0
0
1
1
0
4
2
0
8
0
0
0
31
3
1
0
1
4
10
0
3
14
49
0
0
0
0
1
0
0
1
0
0
1
0
0
1
0
0
3
0
0
0
1
0
2
2
2
3
0
0
0
0
59
0
0
0
0
7
10
69
107
0
21
1
7
4
1
0
0
0
0
0
0
0
4
0
0
2
0
9
0
0
0
576
0
2
0
1
37
35
7
12
28
0
0
0
6
2
1
0
1
4
10
38
0
2
172
17
6
15
508
0
227
0
1
3785
12
30
0
1
0
0
2
20
1
12
1
9
166
1479
1
0
108
1
0
0
21
29
10
1
0
2
1185
0
0
3
0
0
0
3
5
9
0
21
389
2
14
4
0
1
1
1
1
1
0
0
108
3
15
0
0
34
384
2175
1700
1342
0
152
11
0
20
2
0
0
0
1018
1
2
0
0
0
1
0
0
0
10
0
7
219
4
0
0
0
0
0
0
0
0
0
0
0
1
3
34
0
0
0
0
1
0
20
12
5
0
0
0
79
1
0
5
5
69
0
5
2
0
0
0
1
1
2
0
32
1
0
0
2
0
0
0
0
0
0
0
0
0
0
0
0
0
0
0
1
47
8
16
16
0
0
0
0
0
0
0
7
0
0
0
0
0
0
0
0
0
1
0
0
0
0
0
22
0
1
1
2
0
0
0
0
54
0
0
1
0
2
149
0
0
0
0
1
1
0
0
10
2
562
0
0
0
0
0
0
2
0
7
4
2
0
1
0
0
0
18
0
0
0
0
0
1
0
3
0
1
0
0
0
0
0
0
0
0
0
0
32
0
339
8
0
0
0
0
0
1
0
0
1
0
0
0
0
0
0
3
0
0
0
0
0
0
0
3
0
0
0
2
1
17
4
40
0
0
0
0
0
1
0
0
0
24
0
0
0
0
0
10
3
14
0
0
1
0
3
0
1
0
0
0
0
0
9
0
0
0
0
0
0
0
1
8
0
1
0
4
14
0
0
0
0
2
22
0
0
0
4
0
850
0
2
0
0
0
0
3
3
15
0
1
0
0
1
0
0
0
4
5
0
0
0
2
0
1
0
128
5
60
2
14
0
0
13
0
0
0
0
0
39
4
6
0
0
1
6
0
0
0
0
0
3
0
0
3
2
4
2
2
0
0
8
0
2
1
3
0
56
0
0
18
2
2
1
1
0
0
3
0
0
0
2
0
0
0
0
2
0
5
0
1
0
0
0
0
0
1
2
0
0
0
2
0
0
1
0
0
0
0
0
0
2
0
0
0
0
0
0
0
0
13
0
0
0
0
0
0
0
0
2
1
0
2
0
1
0
0
0
0
12
0
0
0
0
0
0
1
4
2
6
0
0
2
3
1
0
1
5
3
0
0
0
0
10
0
0
1
0
1
1
0
0
0
0
0
0
0
0
4
0
0
6
1
9
9
0
2
1
217
0
25
0
1
0
0
0
0
0
0
1
2
1
0
31
0
3
0
15
0
0
4
27
0
1
3
0
0
0
0
0
37
0
3
10
73
1
1
3
0
0
786
1
1
0
0
2
0
12
0
0
0
1
0
0
0
21
0
7
0
0
3
1
3
0
0
111
2
43
1
49
0
136
563
2
0
116
2151
609
0
74
0
1
38
3
1
15
296
0
0
0
0
5
4
7
0
0
20
0
1
0
9
11
0
0
111
50
88
0
6
6
0
0
0
0
20
4
14
0
2
0
10
0
0
0
3
4
3
2
0
129
2
4
10
0
5
1
0
404
259
6
0
0
0
0
0
9
3
6
1
0
1
1
1
0
3
58
13
17
1
2717
37
222
26
0
42
0
159
36
13
0
3
21
354
1
6
0
2
0
0
0
0
0
0
0
2
0
0
0
0
1
0
0
1
0
0
0
0
1
0
0
1
8
87
0
11
0
0
35
30
0
13
3
0
0
1
0
3
4
1438
1
0
0
0
0
31
1
1
0
0
0
0
0
0
2
0
18
1
5
5
3
5
172
5
0
0
63
14
0
0
0
0
0
0
0
0
0
0
0
0
3
0
0
0
7
4
5
121
0
1
5
0
16
1
0
0
0
0
1
0
14
2049
1
2
0
0
0
1
0
0
1
18
0
0
83
1
2
0
0
5
115
0
66
2
32
10
23
41
17
6
1
8
0
1
16
2
8
0
207
181
16
1008
16
413
9178
410
2
0
0
0
0
0
34
1
0
284
1
1
0
0
4
0
0
6
2
3
4
4
0
0
0
0
0
0
1
0
0
0
0
0
2
0
0
0
4
0
0
4
2
5
3
24
0
0
63
0
46
0
74
0
0
1
0
0
0
0
0
0
162
9379
6
18
5055
0
0
0
3
0
35
0
0
0
3
0
0
0
15
0
44
336
0
0
57
0
7
0
3
0
3
0
0
3
0
0
6
0
0
1
2
85
1
0
0
0
26
0
1
0
1
14
0
0
6
0
0
0
0
1
0
0
0
0
117
0
0
0
0
0
0
0
1
20
0
0
0
0
11
1
0
0
0
0
3
0
0
6
0
1
0
0
0
0
31
0
0
0
1
51
0
2
41
36
13
0
41
183
198
13
1
3
1
51
0
1
0
0
0
0
5
0
0
1
0
0
0
0
0
0
0
0
0
23
20
2
