reuse
16
0
1
1
0
0
0
0
0
0
13
54
3
1
1
9
0
5
1
0
2
1
2
1
14
1
0
21
0
0
1
0
1
3
4
0
3
0
4
0
211
41
2
3
2
6
0
3
1
0
27
0
0
1
2
1
0
2
39
5
0
28
0
0
1
2
0
0
0
5
0
0
0
0
1
1
0
15
0
1
0
1
6
1
3
2
2
1
2
0
5
1
0
7
0
1
0
1
3
0
10
3
1
0
1
5
2
2
6
1
1
6
3
0
0
12
22
0
2
1
14
0
3
0
0
5
0
1
44
1
1
45
1
3
10
1
0
11
2
0
14
3
0
4
1
3
1
1
7
0
1
2
1
1
13
0
1
4
5
0
0
2
5
1
2
1
0
0
0
90
0
1
2
0
0
0
2
6
225
47
26
0
1
65
0
0
9
19
4
2
4
20
7
0
3
10
21
11
0
5
1
2
6
467
1
1
0
19
6
0
3
3
1
0
0
2
132
2
1
49
1
0
1
1
1
0
2
5
68
18
2
2
1788
42
1
10
774
10
4
1
6
1
5
0
2
0
1
92
11
2
55
2453
84
28
4
16
15
1
31
1
1
60
612
1
11
7
63
7
1
9
10
36
19
4
1
6
5
4
2
0
2
11
338
0
4
33
4
38
13
154
1
331
13
14
5
4
49
1
2
1
0
2
24
1
3
6
4
10
1
1
8
1
20
0
3
8
429
51
7
62
1
0
275
2
1
0
1
7
2
1
3
4
5
1
25
186
17
3
2
8
193
248
177
10
4
10
208
106
1
0
0
0
11
2
0
0
1
0
0
0
1
1
0
0
27
3
0
14
2
50
40
18
536
27
24
2
0
14
20
1
12
27
7
16
2
2
227
28
43
0
23
3
0
8
0
0
3
4
0
0
0
2
3
4
1
13
0
4
1
2
1
0
0
0
1
2
15
188
0
1
3
1
4
1
20
2
1
1
0
0
0
0
2
6
4
0
0
2
3
0
11
0
4
0
2
1
2
1
3
1
66
2
5
36
1
2
4
63
38
0
1
3
0
4
4
0
6
0
10
3
1
1
5
1
3
11
0
1
0
34
3
0
0
0
0
3
2
1
1
1
1
2
2
0
199
74
6
1
8
2
7
0
33
0
0
22
0
3
0
1
1
0
0
15
5
31
3
1
1
62
40
0
93
6
0
258
1
0
0
40
1
1
1
2
3
3
1
862
16
153
20
21
9
1
16
0
0
5
2
14
0
260
0
1
4
4
0
11
1
0
2
5
0
2
1
0
3
1
1
2
50
135
2
17
0
2
12
1
9
0
3
1
12
1
0
3
0
1
0
1
1
3
0
1
2
13
19
0
0
0
2
1
12
0
13
2
0
16
9
11
44
0
5
0
1
7
1
1
1
3
0
0
0
29
111
2
0
189
1
0
1
1
1
314
0
10
3
8
193
15
0
1
4
1
2
9
0
0
1
1
0
81
2
26
23
27
20
32
11
23
524
9
286
0
16
336
21
51
0
3
2
0
22
130
1
171
6
135
220
621
12
29
3
0
0
0
2
5
2
5
1
7
198
5
20
2
1
23
0
0
2
9
0
13
290
22
1
7
16
3
2
8
0
8
4
1
50
0
22
2
3
19
151
96
912
242
0
304
12
1
49
0
5
2
0
145
6
0
1
2
18
0
0
1
1
26
11
0
3
33
1
1
1
4
2
3
1
1
0
22
3
0
2
22
1
0
0
5
9
7
14
6
5
0
2
1
33
0
1
8
6
22
0
36
5
4
1
2
0
0
1
0
0
1
19
2
15
2
2
3
0
6
1
4
2
2
0
2
1
3
2
0
0
8
0
0
1
8
3
1
1
0
1
0
2
3
3
0
2
6
1
2
1
2
0
1
0
7
0
2
90
1
70
3
11
3
1
20
2
25
2
2
0
1
0
98
2
4
2
1
0
22
3
2
1
140
651
9
0
0
9
4
197
0
1
2
4
5
1
5
1
0
0
1
1
1
1
0
1
5
1
1
6
1
0
18
0
4
2
1
0
2
2
3
16
1
13
12
0
2
1
1
7
0
1
3
6
1
5
1
2
8
5
6
23
1
1
1
1
0
1
21
14
1
1
0
0
1
2
4
2
5
1
0
1
1
2
2
1
6
0
12
2
1
9
20
1
7
6
0
35
1
17
12
0
2
0
5
23
7
282
2
8
3
4
1
2
1
15
48
1
142
7
5
2
0
0
1
13
1
39
6
2
8
44
2
19
3
0
3
1
1
0
0
0
5
0
1
5
1
0
1
0
10
3
5
4
6
3
0
2
0
4
151
349
164
0
10
0
1
22
2
3
0
1
3
33
4
0
1
1
0
0
3
1
1
1
0
0
1
2
162
1
0
0
7
1
1
2
5
27
5
1
3
8
1
1
7
11
2
3
0
67
0
24
0
5
1
4
15
1
0
0
4
5
0
9
0
1
2
1
1
1
0
0
42
1
0
0
3
4
11
7
0
2
0
17
0
2
2
1
0
5
0
1
1
0
25
5
0
1
1
10
5
0
1
3
0
1
0
2
0
0
22
1
5
1
0
15
0
47
3
1
1
26
7
3
0
1
0
0
0
7
0
4
1
3
1
3
13
2
2
1
12
3
0
0
0
2
1
0
0
1
0
1
325
1
2
0
0
3
3
0
1
0
24
1
4
5
0
0
1
0
4
1
1
5
0
0
1
0
1
4
0
91
3
2
9
28
8
0
13
22
1
4
0
0
40
1
9
0
31
0
1
2
1
1
87
0
0
1
0
33
4
143
1
3
6
255
4
4
1
2
1
2
4
1
6
2
0
0
38
11
4
16
0
1
1
5
223
1
9
18
61
98
2
19
0
0
22
2
15
27
102
4
3
1
4
29
2
339
0
19
55
2
46
1
11
28
4
11
26
3
75
8
16
6
0
5
1
8
788
28
0
30
19
1
154
0
2
1
0
0
0
20
0
105
7
4
58
13
12
1
3
55
39
17
0
0
3
0
1
2
0
0
0
2
0
6
0
1
0
38
142
4
0
1999
10
146
66
1
79
4
107
8
59
0
3
23
265
0
75
0
0
0
6
6
4
0
2
0
1
1
0
1
4
0
0
0
7
3
0
5
1
9
1
1
0
3
11
1
11
1
0
14
61
0
8
2
0
19
1
6
88
0
1535
7
0
1
21
2
26
1
9
0
2
0
3
8
1
0
10
375
86
105
769
262
21
4109
516
1
0
18
2
1
1
1
1
2
0
2
8
0
5
3
43
3
1
1
4
4
3
2
45
9
14
2
0
12
1
1
5
3
0
2
2
5
559
0
0
4
6
3
12
22
1
0
9
2
1
11
0
0
3
1
9
41
1
16
3
14
0
9
14
13
1
0
1
0
1
33
7
0
0
176
546
3
725
73
67
6850
144
0
2
0
5
2
1
5
0
2
94
0
4
1
1
18
1
1
1
9
6
0
0
0
4
0
5
2
2
0
3
0
5
8
0
37
0
1
5
16
1
1
5
0
76
0
19
7
4
112
1
26
0
12
1
2
2
11
2
1
0
6
0
64
195
0
53
4163
0
2
2
28
2
2
1
3
5
50
3
4
2
19
1
15
37
8
1
83
5
55
6
5
0
32
3
1
0
3
1
3
1
2
2
0
5
6
21
4
1
6
10
0
7
21
113
1
20
7
1
1
1
1
2
1
0
10
0
35
1
3
4
3
2
2
2
40
116
0
0
2
1
0
4
2
1
1
35
6
1
1
8
10
0
1
2
6
1
0
0
0
1
0
7
2
1
0
16
2
0
1
35
6
0
0
0
0
15
0
4
1
1
1
0
38
1
10
0
1
1
69
1
1
1
7
1
1
4
3
0
