reuseGEO
0
0
0
1
0
0
0
0
0
0
13
54
3
1
1
2
0
5
1
0
2
1
2
1
12
1
0
21
0
0
1
0
1
3
3
0
3
0
4
0
208
38
2
3
2
6
0
3
1
0
20
0
0
1
2
1
0
2
39
2
0
28
0
0
1
1
0
0
0
5
0
0
0
0
1
1
0
15
0
1
0
1
6
1
3
2
1
0
1
0
5
1
0
7
0
1
0
1
2
0
10
3
1
0
0
5
0
0
6
1
1
5
3
0
0
12
0
0
1
1
4
0
3
0
0
5
0
1
44
0
1
45
1
2
1
1
0
11
2
0
14
3
0
4
1
3
1
1
7
0
1
2
1
1
13
0
1
4
5
0
0
2
4
1
2
0
0
0
0
88
0
1
2
0
0
0
2
6
157
35
22
0
1
48
0
0
4
10
4
2
4
20
7
0
3
10
21
9
0
5
1
2
6
428
1
1
0
8
6
0
3
2
1
0
0
1
131
2
0
30
1
0
1
1
1
0
2
5
68
18
2
2
1479
22
1
8
773
10
4
1
5
1
4
0
2
0
1
25
11
2
31
1785
84
28
4
14
11
1
30
1
1
59
580
1
11
7
23
6
1
9
10
36
18
4
1
6
5
4
2
0
2
11
216
0
4
32
4
37
13
106
1
327
13
12
5
4
47
1
2
1
0
2
24
1
3
2
4
10
1
1
8
1
20
0
3
8
428
51
4
40
1
0
274
2
1
0
1
7
2
1
3
4
5
1
25
186
17
3
2
8
191
248
177
10
4
10
207
106
1
0
0
0
11
2
0
0
1
0
0
0
1
1
0
0
26
3
0
10
2
49
40
17
532
26
24
2
0
14
19
1
12
26
7
16
2
2
220
28
41
0
23
3
0
7
0
0
3
4
0
0
0
2
3
4
1
13
0
0
1
1
1
0
0
0
1
2
15
188
0
1
3
1
4
0
20
2
1
1
0
0
0
0
2
6
4
0
0
2
3
0
11
0
4
0
2
1
2
1
2
1
48
2
0
36
1
2
4
62
37
0
1
3
0
4
4
0
6
0
10
3
1
1
5
1
3
3
0
1
0
34
3
0
0
0
0
3
2
1
1
1
1
0
2
0
147
58
6
1
8
2
7
0
20
0
0
18
0
3
0
1
1
0
0
14
5
31
3
1
1
62
40
0
50
6
0
257
1
0
0
13
1
1
1
2
3
3
0
746
15
153
20
1
5
1
16
0
0
5
2
14
0
260
0
1
3
4
0
9
1
0
2
1
0
2
1
0
3
1
1
1
47
124
2
17
0
2
12
1
9
0
3
1
12
1
0
3
0
1
0
1
1
3
0
1
2
13
19
0
0
0
2
1
0
0
13
2
0
15
6
5
18
0
0
0
0
7
1
1
1
3
0
0
0
29
111
2
0
189
1
0
1
1
1
284
0
9
3
6
174
2
0
0
4
1
2
9
0
0
1
1
0
79
2
23
23
22
13
32
8
20
445
9
262
0
16
101
20
47
0
3
2
0
22
92
1
170
5
133
197
388
12
29
1
0
0
0
1
0
0
5
1
3
79
5
20
2
1
23
0
0
0
1
0
13
163
22
0
7
16
3
1
8
0
8
4
0
18
0
18
2
0
4
129
7
685
91
0
289
8
1
42
0
5
2
0
24
6
0
0
2
18
0
0
1
1
25
11
0
0
33
1
1
1
4
2
3
1
1
0
22
3
0
1
9
1
0
0
5
9
7
13
0
5
0
2
1
25
0
1
3
5
22
0
34
2
4
1
2
0
0
1
0
0
1
18
2
14
0
2
3
0
6
1
3
2
2
0
2
1
3
2
0
0
4
0
0
1
8
3
1
0
0
1
0
1
3
3
0
2
6
1
2
1
2
0
1
0
7
0
2
85
1
70
3
11
3
1
20
2
23
2
2
0
1
0
82
2
4
2
1
0
22
3
2
1
140
522
9
0
0
9
4
196
0
1
0
0
5
1
4
1
0
0
1
1
0
1
0
1
5
1
1
6
1
0
18
0
4
2
1
0
2
2
3
16
1
1
11
0
2
1
1
7
0
1
3
6
1
5
1
2
8
5
6
23
1
1
1
1
0
0
21
10
1
1
0
0
1
0
0
2
5
1
0
1
1
2
2
1
2
0
12
2
0
9
20
1
7
6
0
35
1
17
12
0
2
0
5
23
7
279
2
8
3
4
1
2
1
15
46
1
141
7
5
2
0
0
1
13
0
37
6
2
8
44
2
1
3
0
3
1
1
0
0
0
4
0
1
5
1
0
1
0
10
3
5
4
6
3
0
2
0
4
125
349
163
0
10
0
1
18
2
3
0
1
3
28
2
0
1
1
0
0
3
1
1
1
0
0
1
2
162
0
0
0
7
1
0
2
5
27
5
1
3
6
1
1
2
11
1
3
0
67
0
24
0
5
1
4
15
1
0
0
4
5
0
9
0
1
2
1
1
1
0
0
42
1
0
0
3
4
11
7
0
2
0
17
0
0
2
1
0
5
0
1
1
0
25
5
0
1
1
10
5
0
1
3
0
1
0
2
0
0
22
1
5
0
0
15
0
47
3
1
1
26
7
3
0
1
0
0
0
7
0
4
1
3
1
3
13
2
2
1
12
3
0
0
0
2
1
0
0
1
0
1
323
1
2
0
0
3
3
0
1
0
5
1
3
5
0
0
0
0
4
1
1
5
0
0
1
0
1
4
0
91
3
2
6
24
8
0
13
22
1
4
0
0
6
1
7
0
7
0
0
2
1
1
40
0
0
1
0
33
4
143
1
3
6
254
4
4
1
1
1
0
4
1
3
2
0
0
38
9
4
15
0
0
1
4
4
0
6
6
2
2
2
11
0
0
12
2
15
26
46
4
3
1
4
28
0
339
0
19
53
2
46
1
11
27
4
10
0
0
35
8
14
6
0
5
1
8
787
28
0
30
19
1
150
0
2
1
0
0
0
20
0
96
7
4
58
12
12
1
3
20
9
17
0
0
3
0
1
2
0
0
0
2
0
6
0
1
0
24
142
4
0
1776
2
123
64
1
75
4
78
1
57
0
3
22
226
0
75
0
0
0
6
6
4
0
2
0
1
1
0
1
4
0
0
0
6
3
0
5
1
9
1
1
0
0
4
1
11
1
0
1
58
0
8
2
0
19
1
6
87
0
1307
7
0
1
21
2
24
1
9
0
2
0
3
8
1
0
9
374
85
104
768
262
21
4080
516
1
0
11
1
1
1
1
1
2
0
2
8
0
5
3
43
3
1
1
4
4
0
2
12
9
14
0
0
0
1
1
5
3
0
2
2
5
347
0
0
4
6
3
12
22
1
0
6
2
1
11
0
0
3
1
9
23
1
11
3
10
0
8
9
9
0
0
1
0
1
17
7
0
0
155
491
0
565
71
32
5777
95
0
2
0
5
2
1
0
0
2
73
0
4
1
1
18
1
1
1
9
5
0
0
0
4
0
5
2
2
0
3
0
5
8
0
37
0
1
5
16
1
0
4
0
76
0
17
7
4
104
1
22
0
5
1
2
2
11
2
1
0
6
0
52
139
0
53
3318
0
2
2
28
2
2
1
3
5
50
3
4
2
12
1
12
3
8
1
78
5
54
6
5
0
32
3
1
0
3
1
2
1
2
2
0
0
6
21
4
1
4
10
0
7
21
110
1
20
7
1
1
1
1
2
1
0
10
0
13
1
3
4
3
2
2
2
40
113
0
0
2
1
0
4
2
1
1
35
0
1
1
0
10
0
1
2
6
1
0
0
0
1
0
3
2
0
0
11
0
0
1
8
0
0
0
0
0
13
0
0
1
1
1
0
38
1
10
0
1
0
69
1
1
0
7
1
1
3
0
0
