reuseSRA
16
0
1
0
0
0
0
0
0
0
0
0
0
0
0
7
0
0
0
0
0
0
0
0
2
0
0
0
0
0
0
0
0
0
1
0
0
0
0
0
3
3
0
0
0
0
0
0
0
0
7
0
0
0
0
0
0
0
0
3
0
0
0
0
0
1
0
0
0
0
0
0
0
0
0
0
0
0
0
0
0
0
0
0
0
0
1
1
1
0
0
0
0
0
0
0
0
0
1
0
0
0
0
0
1
0
2
2
0
0
0
1
0
0
0
0
22
0
1
0
10
0
0
0
0
0
0
0
0
1
0
0
0
1
9
0
0
0
0
0
0
0
0
0
0
0
0
0
0
0
0
0
0
0
0
0
0
0
0
0
0
0
1
0
0
1
0
0
0
2
0
0
0
0
0
0
0
0
68
12
4
0
0
17
0
0
5
9
0
0
0
0
0
0
0
0
0
2
0
0
0
0
0
39
0
0
0
11
0
0
0
1
0
0
0
1
1
0
1
19
0
0
0
0
0
0
0
0
0
0
0
0
309
20
0
2
1
0
0
0
1
0
1
0
0
0
0
67
0
0
24
668
0
0
0
2
4
0
1
0
0
1
32
0
0
0
40
1
0
0
0
0
1
0
0
0
0
0
0
0
0
0
122
0
0
1
0
1
0
48
0
4
0
2
0
0
2
0
0
0
0
0
0
0
0
4
0
0
0
0
0
0
0
0
0
0
1
0
3
22
0
0
1
0
0
0
0
0
0
0
0
0
0
0
0
0
0
0
0
0
2
0
0
0
0
0
1
0
0
0
0
0
0
0
0
0
0
0
0
0
0
0
0
0
1
0
0
4
0
1
0
1
4
1
0
0
0
0
1
0
0
1
0
0
0
0
7
0
2
0
0
0
0
1
0
0
0
0
0
0
0
0
0
0
0
0
0
4
0
1
0
0
0
0
0
0
0
0
0
0
0
0
0
1
0
0
0
0
0
0
0
0
0
0
0
0
0
0
0
0
0
0
0
0
0
0
0
0
1
0
18
0
5
0
0
0
0
1
1
0
0
0
0
0
0
0
0
0
0
0
0
0
0
0
0
8
0
0
0
0
0
0
0
0
0
0
0
0
0
0
0
2
0
0
52
16
0
0
0
0
0
0
13
0
0
4
0
0
0
0
0
0
0
1
0
0
0
0
0
0
0
0
43
0
0
1
0
0
0
27
0
0
0
0
0
0
1
116
1
0
0
20
4
0
0
0
0
0
0
0
0
0
0
0
1
0
0
2
0
0
0
4
0
0
0
0
0
0
0
1
3
11
0
0
0
0
0
0
0
0
0
0
0
0
0
0
0
0
0
0
0
0
0
0
0
0
0
0
0
0
0
0
12
0
0
0
0
1
3
6
26
0
5
0
1
0
0
0
0
0
0
0
0
0
0
0
0
0
0
0
0
0
0
30
0
1
0
2
19
13
0
1
0
0
0
0
0
0
0
0
0
2
0
3
0
5
7
0
3
3
79
0
24
0
0
235
1
4
0
0
0
0
0
38
0
1
1
2
23
233
0
0
2
0
0
0
1
5
2
0
0
4
119
0
0
0
0
0
0
0
2
8
0
0
127
0
1
0
0
0
1
0
0
0
0
1
32
0
4
0
3
15
22
89
227
151
0
15
4
0
7
0
0
0
0
121
0
0
1
0
0
0
0
0
0
1
0
0
3
0
0
0
0
0
0
0
0
0
0
0
0
0
1
13
0
0
0
0
0
0
1
6
0
0
0
0
8
0
0
5
1
0
0
2
3
0
0
0
0
0
0
0
0
0
1
0
1
2
0
0
0
0
0
1
0
0
0
0
0
0
0
0
0
4
0
0
0
0
0
0
1
0
0
0
1
0
0
0
0
0
0
0
0
0
0
0
0
0
0
0
5
0
0
0
0
0
0
0
0
2
0
0
0
0
0
16
0
0
0
0
0
0
0
0
0
0
129
0
0
0
0
0
1
0
0
2
4
0
0
1
0
0
0
0
0
1
0
0
0
0
0
0
0
0
0
0
0
0
0
0
0
0
0
0
0
0
12
1
0
0
0
0
0
0
0
0
0
0
0
0
0
0
0
0
0
0
0
0
0
0
1
0
4
0
0
0
0
0
2
4
0
0
0
0
0
0
0
0
0
4
0
0
0
1
0
0
0
0
0
0
0
0
0
0
0
0
0
0
0
0
3
0
0
0
0
0
0
0
0
2
0
1
0
0
0
0
0
0
0
1
2
0
0
0
0
0
18
0
0
0
0
0
0
0
0
1
0
0
0
0
0
0
0
0
0
0
0
0
0
0
0
0
0
26
0
1
0
0
0
0
4
0
0
0
0
0
5
2
0
0
0
0
0
0
0
0
0
0
0
0
0
0
1
0
0
0
0
1
0
0
0
0
0
0
2
0
0
5
0
1
0
0
0
0
0
0
0
0
0
0
0
0
0
0
0
0
0
0
0
0
0
0
0
0
0
0
0
0
0
0
0
0
0
0
0
0
0
0
2
0
0
0
0
0
0
0
0
0
0
0
0
0
0
0
0
0
0
0
0
0
0
0
0
0
0
0
1
0
0
0
0
0
0
0
0
0
0
0
0
0
0
0
0
0
0
0
0
0
0
0
0
0
0
0
0
0
0
0
0
0
0
0
0
0
0
2
0
0
0
0
0
0
0
0
0
19
0
1
0
0
0
1
0
0
0
0
0
0
0
0
0
0
0
0
0
0
0
3
4
0
0
0
0
0
0
0
0
34
0
2
0
24
0
1
0
0
0
47
0
0
0
0
0
0
0
0
0
0
1
0
0
0
1
0
2
0
0
3
0
0
0
0
2
0
1
0
1
0
1
219
1
3
12
59
96
0
8
0
0
10
0
0
1
56
0
0
0
0
1
2
0
0
0
2
0
0
0
0
1
0
1
26
3
40
0
2
0
0
0
0
0
1
0
0
0
0
0
4
0
0
0
0
0
0
0
0
9
0
0
0
1
0
0
0
35
30
0
0
0
0
0
0
0
0
0
0
0
0
0
0
0
0
14
0
0
0
223
8
23
2
0
4
0
29
7
2
0
0
1
39
0
0
0
0
0
0
0
0
0
0
0
0
0
0
0
0
0
0
0
1
0
0
0
0
0
0
0
0
3
7
0
0
0
0
13
3
0
0
0
0
0
0
0
1
0
228
0
0
0
0
0
2
0
0
0
0
0
0
0
0
0
1
1
1
1
1
0
0
29
0
0
0
7
1
0
0
0
0
0
0
0
0
0
0
0
0
0
0
0
0
0
3
0
33
0
0
2
0
12
0
0
0
0
0
0
0
0
212
0
0
0
0
0
0
0
0
0
3
0
0
0
0
0
0
0
0
18
0
5
0
4
0
1
5
4
1
0
0
0
0
16
0
0
0
21
55
3
160
2
35
1073
49
0
0
0
0
0
0
5
0
0
21
0
0
0
0
0
0
0
0
0
1
0
0
0
0
0
0
0
0
0
0
0
0
0
0
0
0
0
0
0
0
1
1
0
0
0
2
0
0
8
0
4
0
7
0
0
0
0
0
0
0
0
0
12
56
0
0
845
0
0
0
0
0
0
0
0
0
0
0
0
0
7
0
3
34
0
0
5
0
1
0
0
0
0
0
0
0
0
0
1
0
0
0
0
5
0
0
0
0
2
0
0
0
0
3
0
0
0
0
0
0
0
0
0
0
0
0
22
0
0
0
0
0
0
0
0
3
0
0
0
0
0
0
0
0
0
0
6
0
0
8
0
0
0
0
0
0
0
0
0
0
0
4
0
1
0
5
2
0
0
27
6
0
0
0
0
2
0
4
0
0
0
0
0
0
0
0
0
1
0
0
0
1
0
0
0
1
3
0
