NCBI_GEO
0
0
1
0
0
0
0
0
1
0
1
1
1
0
1
0
0
0
0
0
0
0
0
0
0
2
14
38
0
0
2
0
0
0
1
2
0
0
0
1
5
1
1
2
3
3
1
8
1
0
2
0
0
0
0
1
0
3
1
0
1
2
0
0
0
5
1
0
4
0
0
60
2
2
2
6
0
1
3
0
0
1
0
0
11
0
1
1
2
1
0
0
32
5
0
7
0
2
1
1
0
0
1
0
1
4
2
0
1
1
1
0
0
0
3
2
0
0
0
0
0
0
1
0
0
1
0
0
5
0
1
0
0
1
0
0
0
0
3
1
6
0
0
1
0
2
10
1
0
1
0
1
4
0
1
5
0
8
0
0
1
0
0
2
0
3
0
0
5
0
2
4
2
0
0
0
1
1
0
8
1
4
0
1
1
0
0
0
0
3
1
1
0
0
4
1
1
0
16
1
0
0
4
0
0
98
2
8
0
0
4
4
1
4
0
5
1
0
0
0
12
3
0
0
2
1
0
0
3
2
3
1
1
0
2
1
0
1
0
0
1
0
0
0
0
9
2
0
1
1
2
7
1
2
0
1
1
0
0
1
0
29
0
1
0
0
2
0
0
3
0
118
28
26
0
0
0
21
0
0
0
0
0
0
58
5
2
12
8
0
18
0
0
4
0
9
5
0
0
0
0
3
1
2
0
2
0
1
3
220
1
1
1
9
0
0
0
0
0
1
0
0
0
2
1
1
0
1
30
0
3
0
61
1
0
0
0
0
0
1
0
1
1
0
0
32
0
0
9
2
2
652
67
0
13
0
380
9
19
2
16
2
41
1
4
1
5
35
17
9
31
2090
118
33
1
24
31
1
25
1
3
27
296
1
7
5
100
33
1
12
12
40
43
8
2
5
3
4
3
0
5
10
252
2
5
47
4
46
14
98
0
3
205
6
25
6
3
51
1
3
1
1
1
8
0
2
4
1
11
4
1
1
0
0
8
2
0
0
11
2
0
0
186
15
3
14
0
1
149
0
5
1
2
1
5
1
0
0
2
0
0
3
1
2
0
0
0
22
28
0
0
1
0
3
0
1
53
0
36
50
8
2
0
0
0
6
0
65
0
0
3
1
0
2
0
0
6
0
13
1
1
0
0
2
1
0
0
0
0
0
0
0
1
0
0
0
0
1
0
0
0
1
0
53
2
0
0
0
0
1
12
0
2
35
21
21
254
21
38
2
9
0
8
0
11
5
7
19
2
12
0
0
0
0
0
342
0
34
22
1
30
0
0
0
8
0
1
1
0
0
5
3
1
0
0
0
0
0
0
0
0
0
4
1
0
1
0
4
0
0
1
0
0
5
1
0
0
0
0
0
3
6
1
0
0
0
1
1
1
0
2
120
0
0
1
0
0
4
1
0
0
0
0
0
0
1
9
1
1
0
1
0
0
2
0
0
0
0
0
1
0
2
4
4
0
1
0
1
2
1
2
0
1
1
1
1
2
0
0
2
1
2
0
0
28
2
0
0
6
2
0
2
21
13
0
0
0
0
2
1
0
0
1
0
3
0
20
1
1
1
0
0
3
1
0
0
1
10
0
0
0
0
1
0
2
0
1
17
2
0
0
0
1
0
2
0
0
3
0
0
2
0
1
1
0
1
0
0
1
0
0
0
0
0
0
1
1
0
0
72
3
1
4
0
0
0
7
29
0
2
85
2
0
1
0
58
1
0
0
1
1
1
0
1
24
0
0
12
1
0
1
3
16
59
0
0
0
46
0
0
5
1
0
0
0
0
0
98
2
0
0
0
22
1
0
1
1
0
0
2
8
1
0
570
78
100
35
0
2
4
0
1
2
0
0
0
0
9
1
8
1
14
0
0
1
7
6
1
34
1
1
1
2
0
5
1
0
1
1
3
0
1
1
43
134
1
7
0
1
0
1
4
1
3
0
0
1
3
0
1
5
0
1
1
3
0
1
1
0
1
1
0
0
3
0
1
0
0
6
15
0
12
0
1
0
4
0
0
0
1
0
0
1
0
2
2
1
20
2
6
10
1
0
2
1
7
1
0
2
1
0
1
0
1
1
0
8
31
0
2
1
0
0
86
2
0
0
1
1
53
0
1
15
3
7
33
0
1
2
0
4
0
4
0
2
0
9
0
0
0
0
0
0
0
1
0
2
0
0
0
0
50
7
8
10
12
55
37
1
0
186
9
274
1
0
216
8
60
0
3
0
2
1
19
58
2
48
7
51
96
339
12
26
1
0
1
1
3
0
0
2
4
0
3
0
3
0
3
13
4
0
0
5
1
0
0
0
1
1
14
0
4
2
8
3
3
3
15
0
21
1
0
0
0
40
2
15
3
0
6
0
369
12
574
75
2
93
0
7
3
20
0
0
0
1
1
16
7
0
0
0
2
0
10
0
0
1
0
0
1
26
0
0
3
0
0
30
2
0
1
1
0
0
1
0
2
2
1
1
13
1
0
0
0
6
0
1
0
0
1
2
9
15
0
0
0
2
0
0
0
1
2
0
0
0
15
0
0
0
1
2
0
0
0
1
16
1
49
2
0
5
1
4
0
0
2
1
0
0
0
0
0
3
5
2
28
0
2
1
3
2
1
4
0
4
0
1
2
0
0
2
0
2
1
4
0
0
2
1
0
2
0
0
6
0
5
0
3
1
0
1
1
0
0
2
4
1
0
0
1
1
0
1
0
1
0
4
0
1
0
1
0
1
2
2
1
0
0
0
2
0
0
47
0
0
2
24
0
0
3
9
1
1
0
0
0
6
1
25
3
3
1
0
1
0
0
34
64
0
0
0
1
0
0
1
0
0
0
0
1
0
12
3
2
0
1
0
0
58
291
6
1
1
7
0
51
0
0
1
2
2
1
1
0
0
0
0
4
0
1
0
0
1
1
0
0
1
1
0
0
0
0
1
0
0
1
0
3
0
0
0
1
1
0
0
20
1
0
1
3
1
0
2
1
1
0
1
0
0
0
1
0
0
0
1
3
0
0
0
0
0
24
1
6
3
0
1
0
0
0
1
0
1
1
3
0
0
0
0
0
0
0
1
3
8
1
0
2
1
1
0
2
0
6
7
1
1
1
1
0
1
0
0
0
30
0
4
1
0
0
1
0
1
8
0
0
0
2
0
2
0
0
1
0
2
0
0
1
0
0
1
2
2
0
3
0
13
1
0
0
0
0
3
45
1
0
0
3
1
0
10
1
0
0
19
5
0
0
1
4
0
2
5
2
0
9
0
69
0
3
3
2
1
0
2
2
0
0
2
0
3
59
2
0
81
4
13
0
2
0
1
1
0
14
0
0
0
12
0
6
1
0
12
17
2
0
1
1
3
1
0
1
1
0
0
0
0
0
0
2
1
1
4
1
0
0
0
0
0
0
0
0
1
1
4
0
5
0
0
0
0
0
0
10
0
3
6
3
0
1
0
1
0
0
140
64
335
0
0
0
0
7
0
1
1
0
0
0
2
0
0
4
0
1
0
1
7
5
2
0
1
0
0
3
3
0
3
1
1
0
1
0
1
0
1
0
47
0
0
1
0
0
2
0
1
0
2
0
0
12
2
16
12
0
0
1
0
9
0
1
0
0
0
2
13
3
3
0
1
4
1
0
42
0
0
0
1
0
0
3
8
2
0
0
0
2
0
0
0
1
0
1
0
3
6
0
1
3
0
0
0
0
0
1
2
1
1
1
0
0
0
7
2
0
2
0
0
1
5
0
3
1
2
0
0
4
12
1
0
1
0
0
1
1
0
6
2
1
1
1
0
0
37
3
1
1
1
4
1
1
3
0
1
0
1
1
1
0
2
0
0
0
0
0
3
4
0
1
0
0
7
0
0
0
1
0
0
12
0
0
13
0
0
1
1
15
5
0
0
0
0
2
1
0
1
0
0
0
0
0
0
0
8
0
0
0
0
0
0
4
1
3
1
6
1
4
0
2
0
1
0
4
0
3
0
0
0
1
1
1
1
1
0
1
0
0
1
0
0
0
0
0
0
0
101
0
0
0
1
0
0
0
1
0
5
1
2
0
14
0
1
5
0
0
0
0
6
0
0
0
0
0
0
0
0
0
0
1
0
1
0
1
1
4
0
0
1
0
2
3
0
0
0
1
0
82
1
1
0
0
0
32
0
0
0
18
1
0
0
0
1
0
0
1
1
17
1
10
0
0
0
6
0
0
0
1
0
0
1
148
0
0
0
1
0
0
1
23
0
0
0
0
0
0
0
3
0
0
0
50
2
0
3
0
0
0
0
0
0
5
4
0
1
0
2
0
0
0
0
1
0
18
7
31
0
0
1
3
8
0
0
9
17
3
5
0
7
1
0
0
0
0
0
0
0
5
0
3
18
0
40
26
1
0
3
0
2
0
16
0
134
1
4
71
2
10
2
0
0
0
0
15
19
2
7
0
1
0
32
3
5
4
0
1
7
0
0
0
6
239
54
18
15
26
7
36
1
6
0
1
0
0
0
28
1
137
10
7
36
5
46
1
3
37
34
22
2
0
1
2
1
1
2
0
0
0
1
0
0
0
0
0
0
0
0
4
5
45
73
16
0
1561
4
122
140
2
91
0
63
8
0
60
1
6
0
0
69
370
0
0
0
0
42
1
5
1
8
5
3
3
0
0
1
0
0
2
1
1
1
3
0
0
0
0
0
2
1
8
0
2
0
4
1
4
1
0
0
1
0
0
0
0
0
12
0
0
10
1
7
3
12
1
8
7
1
3
3
5
21
1
1127
0
0
7
1
1
9
3
46
3
0
0
1
1
1
1
0
1
0
0
0
0
3
204
48
28
0
162
0
40
0
0
8
1321
73
0
0
2
1
0
24
0
0
0
0
2
0
1
0
0
1
1
1
0
0
2
1
2
0
2
11
0
0
3
22
2
4
0
0
1
2
1
0
0
0
2
0
31
6
16
0
0
1
3
0
1
1
1
1
0
1
0
0
5
2
2
127
0
0
0
0
0
0
0
2
2
0
14
0
0
0
8
0
0
0
0
0
4
0
0
4
0
1
34
0
1
0
0
3
1
4
0
29
3
11
3
0
13
0
19
10
11
1
0
2
1
1
0
3
0
0
1
0
167
194
0
925
34
91
6280
304
0
1
0
0
0
10
1
0
0
1
0
0
3
0
3
0
129
0
0
0
0
0
1
2
0
16
0
0
0
1
0
1
2
3
3
0
1
0
0
1
3
1
3
0
0
2
0
4
0
0
1
5
0
7
0
0
0
0
0
1
17
0
0
0
2
2
30
1
1
3
0
0
0
0
49
0
1
16
0
0
0
6
0
0
0
1
0
23
1
7
1
3
0
5
2
0
0
1
0
0
1
3
1
44
59
1
0
23
0
2122
0
0
1
2
0
1
0
0
1
2
1
0
1
2
18
0
1
2
3
8
1
0
11
1
0
2
1
386
7
72
0
6
19
0
4
28
11
0
0
0
1
2
1
1
1
0
1
1
1
0
0
7
0
0
4
3
0
0
4
9
0
0
0
3
0
0
0
0
47
0
1
0
8
4
0
0
0
0
0
0
0
1
0
2
1
2
1
0
15
1
0
1
0
3
1
0
2
0
3
1
0
17
72
1
0
1
1
1
0
0
0
0
0
0
1
0
1
40
0
0
0
0
0
1
0
5
0
1
2
0
4
0
1
0
2
0
2
0
0
0
0
1
0
0
0
0
0
0
20
1
0
0
0
0
20
0
0
6
20
0
0
0
0
0
0
9
1
0
1
0
2
1
0
1
0
1
9
1
0
2
0
1
0
0
0
0
15
0
0
1
0
2
0
2
4
1
0
1
3
0
0
0
0
