NCBI_SRA
5
0
0
0
0
0
0
2
2
0
2
0
0
0
0
0
0
0
0
0
0
0
0
0
0
2
0
0
0
0
0
0
0
0
0
4
0
0
0
1
0
0
0
0
0
0
0
2
0
0
0
0
0
0
1
1
0
0
0
0
0
0
0
0
0
0
0
0
0
0
0
1
0
0
0
0
0
0
0
0
0
4
0
0
6
0
0
0
0
0
0
0
0
69
1
0
0
0
0
0
1
0
0
1
0
0
0
0
0
0
0
0
0
0
1
0
0
1
0
0
1
0
0
0
0
0
0
0
0
0
0
0
0
3
1
0
0
0
7
1
0
0
0
0
0
0
0
0
0
0
0
0
1
0
0
0
0
1
0
0
0
0
0
0
0
19
3
0
0
0
2
3
0
0
0
0
0
0
0
56
0
16
0
0
38
0
1
0
0
5
0
0
0
0
1
0
0
0
0
1
0
0
0
0
0
1
0
2
0
0
12
0
0
0
0
1
0
0
0
0
0
0
0
2
0
0
0
0
0
0
0
0
0
0
0
0
0
0
1
0
0
0
0
0
0
0
0
0
1
0
1
1
0
0
0
3
0
0
1
0
0
4
1
2
0
0
0
0
1
0
0
84
3
6
0
1
0
14
1
1
0
0
0
0
10
1
0
2
3
0
0
0
0
0
0
1
0
0
0
0
0
0
0
0
0
0
0
0
0
46
0
0
1
8
0
0
0
0
1
0
0
0
0
1
0
0
1
0
4
0
0
2
98
0
0
1
0
0
0
0
0
0
0
0
0
1
0
0
1
0
0
198
47
0
13
0
14
0
0
0
2
0
3
1
2
0
0
107
0
0
55
1762
0
0
0
1
17
0
1
0
0
13
20
0
0
0
158
4
0
0
0
1
1
0
0
0
1
0
1
0
0
0
327
1
1
0
0
0
1
64
0
0
8
1
21
0
0
0
0
2
2
0
0
0
0
0
0
7
0
0
0
0
0
0
0
0
0
0
0
14
0
0
0
0
4
4
1
0
3
0
0
0
0
0
1
0
0
0
0
0
0
0
0
1
0
0
0
0
1
0
0
0
0
0
0
0
1
0
0
4
0
0
0
0
0
0
0
2
0
0
0
0
2
0
0
0
1
0
1
0
0
0
0
0
0
0
0
0
0
1
1
0
0
0
0
0
0
0
0
0
0
0
1
8
0
0
0
0
0
0
6
0
0
1
0
1
8
4
2
0
4
0
0
0
3
3
1
3
0
0
0
0
0
0
0
24
0
6
7
0
1
0
1
0
2
0
1
0
0
0
0
0
0
0
0
0
0
0
0
0
0
0
0
0
0
0
0
1
0
0
2
0
0
0
1
0
0
0
0
0
1
0
0
0
0
0
0
0
0
0
0
1
1
0
2
0
0
0
0
0
0
0
0
0
0
6
0
0
0
0
0
0
0
0
0
0
0
0
0
0
0
0
0
0
0
0
0
0
2
0
0
0
0
0
0
0
0
0
0
0
0
10
0
0
33
0
0
2
3
0
0
0
1
7
0
1
0
2
0
0
0
0
0
1
0
1
0
0
0
0
0
0
0
0
0
0
0
7
0
0
0
0
0
0
0
0
1
2
0
0
1
0
0
0
1
0
0
0
0
0
0
0
0
0
0
0
0
0
0
0
0
0
0
0
0
0
0
0
0
98
0
0
0
0
0
0
1
3
0
0
8
0
0
0
0
0
0
0
0
0
0
0
0
0
1
0
0
2
0
0
0
0
0
6
0
0
0
78
0
0
0
0
0
0
0
0
0
12
0
0
1
0
126
1
0
1
0
0
0
0
0
0
0
167
2
5
4
0
69
24
0
0
0
0
1
0
0
0
0
0
0
1
0
1
0
4
1
0
4
0
0
0
18
1
0
0
0
1
0
3
0
0
2
5
12
0
0
0
0
0
0
1
0
0
0
0
0
0
0
0
1
0
0
0
0
0
0
0
2
0
0
0
0
0
1
0
0
0
0
1
0
0
0
0
0
0
0
0
0
0
0
15
0
0
0
0
0
5
8
42
12
0
13
1
6
1
0
0
0
0
0
0
0
0
0
0
0
1
0
0
0
0
0
2
0
3
0
0
0
43
0
0
1
0
2
7
0
18
5
1
7
0
0
0
0
0
0
0
0
1
0
0
0
0
1
0
0
0
1
0
0
2
2
10
0
3
77
4
3
0
163
0
104
0
0
1462
6
6
0
0
0
0
0
2
7
1
4
1
9
83
580
1
0
3
1
0
0
14
10
0
5
1
0
0
0
1
0
0
0
0
0
0
0
0
1
0
0
1
0
5
0
0
2
0
0
0
2
1
0
1
0
1
0
0
51
1
10
0
0
17
0
128
414
248
398
0
52
0
2
0
8
0
2
0
0
0
171
1
0
1
1
0
0
0
0
0
0
0
0
0
5
0
5
26
0
0
1
0
0
0
0
0
0
0
0
0
0
0
0
0
0
1
0
1
11
0
0
0
0
0
0
1
0
0
0
0
8
0
0
1
0
0
0
0
0
42
0
1
0
0
3
0
0
0
3
2
0
1
1
0
0
0
0
1
1
1
0
0
0
0
0
5
0
1
0
1
0
2
0
0
0
0
0
0
0
0
0
0
0
0
0
0
0
0
0
0
0
0
0
1
4
5
2
3
0
0
0
0
0
1
0
0
0
0
0
5
0
0
0
0
0
0
0
0
0
0
0
0
0
0
0
0
0
0
0
0
0
0
0
0
0
0
13
0
0
0
1
0
0
0
2
0
0
0
0
0
0
0
16
0
0
0
0
0
1
0
31
0
0
0
0
0
0
0
0
0
0
0
0
0
0
1
0
0
0
4
0
0
2
282
0
0
0
0
0
0
2
0
0
5
6
1
0
0
0
0
0
1
0
0
0
0
0
0
0
0
4
0
1
0
0
0
0
0
0
0
0
0
0
0
0
1
0
0
0
0
0
0
0
0
0
0
0
0
0
0
0
0
0
0
0
0
0
0
0
0
0
0
0
0
0
8
0
125
2
0
0
0
0
0
0
0
0
0
0
0
0
0
0
1
0
0
0
0
1
0
0
0
0
0
0
0
0
2
0
0
0
0
0
0
0
0
1
0
1
0
0
0
0
0
0
2
1
12
1
4
0
0
0
0
0
0
0
0
0
0
0
1
0
0
0
0
0
0
6
0
0
0
0
0
0
1
0
3
2
0
0
0
0
0
0
0
0
0
3
0
0
0
1
0
0
0
0
0
0
0
0
3
0
0
0
0
0
0
0
0
0
0
0
0
0
2
0
0
2
0
2
0
0
0
0
0
0
0
0
0
2
0
0
0
0
0
0
4
0
23
0
1
0
0
0
0
0
0
0
0
0
0
0
2
0
1
0
0
0
1
0
0
0
0
0
0
0
0
0
0
1
0
0
0
0
0
0
3
0
0
0
0
0
0
1
0
0
0
81
1
15
0
0
0
1
3
0
0
0
0
0
0
0
0
0
0
0
0
0
0
0
20
2
1
0
0
0
1
3
0
0
0
0
0
0
1
0
0
0
0
3
0
0
2
2
0
0
0
0
0
0
0
0
1
0
1
0
0
2
0
0
7
0
0
0
0
0
14
2
2
1
0
0
0
0
0
3
0
0
0
0
0
0
0
1
0
0
0
0
0
0
0
0
0
0
0
0
1
0
0
3
0
0
0
0
1
0
0
0
0
0
0
1
0
0
0
0
0
0
1
0
0
0
0
0
0
0
0
0
0
0
0
3
0
0
0
0
0
0
0
0
0
0
0
0
0
1
0
0
0
0
0
0
0
0
0
0
1
0
2
0
0
1
0
0
0
0
0
0
0
0
0
0
0
0
0
8
0
0
0
0
0
0
0
0
0
0
0
1
0
1
0
0
0
0
1
0
0
0
0
1
0
0
0
0
0
0
0
1
0
0
0
0
1
1
0
0
0
0
2
0
0
0
0
0
0
0
0
1
1
0
0
0
0
0
0
0
0
0
0
0
0
0
0
0
0
0
0
5
0
0
0
0
0
1
1
6
0
1
0
1
0
15
0
0
1
0
0
0
0
0
1
0
0
0
0
0
0
0
0
0
0
0
0
0
0
0
1
0
0
0
2
0
1
0
0
0
0
0
7
0
0
0
0
0
5
0
1
0
2
0
0
0
0
0
0
0
0
0
8
0
2
0
0
0
23
1
1
0
0
0
0
0
265
1
1
0
0
0
0
0
2
0
0
0
0
0
0
0
0
0
0
0
2
0
0
0
0
10
0
0
0
2
0
0
0
1
0
1
0
1
0
0
0
0
38
1
21
1
16
0
19
66
2
0
1
73
626
317
0
34
0
0
0
0
0
0
1
0
18
0
0
1
0
6
118
0
0
0
0
0
0
2
3
3
0
0
6
0
0
0
0
0
0
0
1
5
0
1
0
40
9
46
0
3
4
0
0
0
0
0
0
0
4
1
2
0
1
0
1
0
0
0
0
1
1
2
1
0
16
2
4
8
0
4
1
0
124
95
4
0
0
0
0
0
0
3
3
2
1
0
0
0
0
0
0
0
1
0
0
2
26
4
10
1
620
18
33
11
0
16
0
31
17
0
1
0
2
0
0
7
83
0
0
0
1
3
0
1
0
0
0
0
0
0
0
0
0
0
1
0
0
0
0
0
1
0
0
0
0
0
0
0
0
0
0
0
1
0
0
0
0
0
0
0
1
4
32
0
0
1
0
0
20
3
0
6
2
0
0
0
0
3
2
299
0
0
0
0
0
0
0
20
1
0
0
0
0
0
0
0
0
0
0
0
1
1
1
1
0
0
1
0
0
0
0
0
43
5
0
0
0
0
0
18
0
0
0
0
12
0
0
0
0
0
0
0
0
0
0
0
0
0
0
0
0
0
0
0
0
0
0
0
0
0
3
3
0
0
0
0
77
0
1
0
3
0
8
0
1
0
0
0
0
0
0
0
1
0
1
418
0
0
1
1
0
0
0
0
0
0
1
0
0
0
0
0
0
1
0
0
6
0
0
0
0
0
3
1
1
0
0
0
0
3
0
62
0
4
2
0
15
3
9
14
6
2
1
5
0
1
0
1
0
0
0
0
49
46
5
279
4
110
3267
117
0
0
0
0
0
0
0
0
0
0
0
0
20
0
0
0
111
0
0
0
0
0
0
0
0
3
0
0
0
0
0
0
2
2
2
0
0
1
0
0
0
0
0
0
0
0
1
0
0
0
0
0
0
0
0
0
0
0
0
0
2
0
0
0
0
0
1
0
0
2
0
1
0
0
3
0
0
11
0
0
0
0
0
0
0
0
0
8
0
32
0
0
0
0
0
0
0
0
0
0
0
0
0
56
81
2
0
2
0
1886
0
0
0
0
0
0
0
0
0
0
0
0
0
0
1
0
0
0
0
2
0
0
10
233
0
0
0
23
0
5
0
0
1
0
0
1
0
0
0
0
0
2
0
0
1
0
0
0
0
1
6
1
0
0
0
0
0
0
9
0
0
0
1
0
0
0
0
0
5
0
0
0
0
2
0
0
0
0
0
0
0
0
0
0
0
0
0
0
0
0
0
0
0
0
0
0
0
0
0
0
0
0
4
0
0
0
0
0
0
0
0
0
0
0
0
0
0
0
0
0
1
0
0
0
0
0
1
0
0
0
0
0
0
0
0
0
0
0
0
0
0
0
0
0
0
0
0
1
9
0
0
2
1
0
17
0
0
4
61
22
1
0
1
1
0
1
0
0
1
0
0
0
0
0
0
0
5
0
0
0
1
0
0
0
0
0
0
0
0
0
0
0
0
1
0
0
0
0
4
0
3
0
0
