TCGA
25
1
1
2
1
2
1
0
9
1
3
9
16
1
6
0
2
1
13
3
20
25
0
12
1
29
28
48
0
5
0
1
0
1
6
16
0
0
1
15
0
0
0
0
6
0
1
2
11
1
1
2
1
0
0
2
2
0
1
0
3
4
0
5
1
1
0
2
0
0
0
35
0
7
0
0
1
7
0
1
1
4
0
1
7
0
1
3
8
0
0
0
3
127
0
15
4
0
0
0
0
1
0
0
2
2
2
1
1
1
1
1
0
1
0
12
1
8
1
0
7
0
1
3
2
0
2
1
4
1
3
0
0
0
6
2
1
1
2
44
10
5
1
2
2
0
0
2
1
1
12
0
3
1
0
16
1
2
1
4
1
0
1
2
1
19
16
0
7
2
10
29
1
1
5
1
3
0
1
44
0
61
1
0
246
1
7
1
1
15
1
2
3
0
15
5
0
3
5
16
2
1
1
2
0
117
4
2
1
1
68
11
5
27
1
19
1
4
1
2
40
40
2
1
0
1
4
1
5
7
4
1
1
1
1
0
0
1
9
0
0
1
1
1
1
45
11
1
0
1
29
55
2
4
1
27
0
1
1
3
3
15
2
6
4
0
1
2
0
3
9
83
18
11
5
0
6
18
1
0
3
1
3
0
94
28
1
7
26
1
8
1
5
3
1
4
7
2
1
1
1
3
0
9
0
1
2
1
6
604
2
0
10
30
1
0
0
1
2
2
2
1
2
0
0
9
3
9
211
0
0
3
145
17
6
6
1
0
4
0
0
0
12
5
1
25
1
2
38
2
64
251
84
0
300
1
590
8
93
6
94
4
136
0
8
0
7
178
0
32
110
659
2
0
0
57
144
0
20
0
1
85
76
1
6
1
643
213
2
46
16
15
73
0
0
9
10
0
5
11
9
14
383
6
5
3
0
1
14
204
1
25
77
14
190
3
2
5
0
2
0
0
0
7
2
3
11
18
16
6
2
0
0
0
4
5
1
1
42
97
0
0
149
20
60
11
3
0
324
0
0
0
0
3
9
1
1
1
0
0
4
4
19
13
2
1
3
9
159
1
0
2
1
16
3
5
74
1
134
170
16
4
3
2
1
25
0
178
8
1
0
1
11
0
1
2
18
1
26
2
0
2
2
4
6
1
1
1
2
2
0
4
1
1
4
1
1
0
1
1
1
0
1
26
8
3
2
3
0
4
55
2
5
64
39
54
720
44
33
12
5
1
35
1
2
25
22
49
2
28
1
0
1
1
0
75
1
32
69
7
2
3
6
1
2
3
15
14
12
2
7
2
1
1
0
2
5
1
1
1
1
2
4
21
1
0
1
46
4
1
16
0
2
5
2
2
2
9
0
0
0
1
0
4
1
3
22
0
0
0
1
76
4
1
1
1
3
4
0
3
3
4
1
1
0
1
1
0
0
1
5
1
2
4
5
1
3
1
3
0
2
0
13
2
1
1
0
1
5
4
10
6
3
4
2
2
1
8
1
0
0
27
1
0
21
6
1
10
12
4
0
0
11
11
2
0
3
2
0
0
0
1
2
0
7
1
10
0
0
5
1
1
5
0
2
0
0
23
1
1
0
0
4
1
2
0
4
10
0
1
0
0
0
5
13
1
0
1
1
1
4
1
0
0
1
0
1
2
0
2
0
1
1
2
0
3
5
0
0
57
0
0
0
0
1
0
19
7
1
10
24
5
2
1
31
96
1
5
8
0
0
0
0
5
3
2
0
42
0
1
5
3
66
76
0
1
0
23
10
3
58
1
1
1
1
1
4
122
14
0
0
1
85
0
1
3
0
0
1
0
3
2
0
551
65
92
18
1
167
13
1
0
15
2
0
3
0
13
0
14
0
41
1
0
0
0
9
0
36
2
0
0
13
0
0
1
1
2
4
2
2
6
7
21
38
1
3
0
1
3
0
2
0
15
1
1
3
0
1
0
8
1
0
0
0
1
1
0
12
0
1
1
1
0
0
0
1
9
3
15
1
7
0
4
0
3
1
1
1
0
1
3
1
2
1
0
0
173
27
11
5
0
0
1
1
11
23
3
0
0
4
0
2
1
0
2
9
87
1
10
0
4
0
271
0
6
0
0
3
73
1
6
34
15
14
144
1
3
16
0
10
2
8
1
2
4
5
0
0
1
0
4
1
5
8
1
8
1
0
2
7
30
22
32
4
27
204
109
14
0
162
2
375
1
0
998
16
104
12
20
1
1
0
23
44
8
211
3
229
201
574
9
1
6
0
3
4
18
18
1
6
4
2
15
2
3
0
6
5
6
1
0
19
1
1
2
0
2
0
6
0
24
5
5
13
6
1
14
4
5
1
0
37
3
33
1
81
3
0
5
15
5
21
154
42
2
77
4
17
2
21
1
0
0
0
0
14
11
1
0
0
0
0
0
0
0
0
7
1
0
17
8
4
34
7
7
6
0
0
3
3
2
0
0
1
0
1
0
0
0
0
1
1
0
37
0
4
1
1
1
16
11
5
0
1
7
15
0
2
8
0
8
1
0
3
13
1
0
0
6
14
1
4
2
2
25
0
73
15
1
4
1
0
6
0
0
0
1
0
4
1
2
6
18
11
3
2
9
2
9
5
0
0
1
0
1
0
0
2
2
16
3
0
1
12
3
0
0
1
8
43
1
3
29
5
1
1
2
4
14
0
0
3
1
4
19
0
1
2
0
0
1
3
0
7
1
1
4
1
2
0
3
0
1
2
0
1
2
2
0
3
1
164
3
7
4
24
1
1
7
5
0
0
1
2
5
26
0
82
1
0
3
1
6
0
1
40
0
4
5
0
4
4
2
10
1
2
1
1
0
2
68
0
0
0
26
12
2
209
1296
115
1
3
16
0
138
13
1
0
8
18
22
0
2
1
3
1
10
2
0
1
0
0
0
9
1
1
0
0
1
1
2
0
2
1
2
1
0
2
5
1
0
3
6
3
22
9
1
0
13
0
1
76
10
3
1
10
46
3
40
4
1
13
1
0
18
9
14
1
3
0
6
3
8
1
1
0
1
1
2
6
5
1
1
3
1
2
1
1
4
1
3
0
5
1
0
2
7
0
2
3
2
0
11
5
0
1
0
2
1
0
0
8
0
71
4
6
1
4
2
0
0
1
49
3
10
1
0
1
23
1
4
3
0
0
1
1
1
2
1
6
0
2
2
16
0
0
0
1
1
2
0
2
281
23
2
0
1
0
0
86
1
2
11
88
4
1
1
3
5
2
10
1
15
1
15
1
179
2
6
12
0
2
1
9
2
1
3
3
3
14
1063
1
2
332
21
44
0
1
3
0
0
1
5
5
1
33
7
1
3
0
1
9
42
2
18
1
0
4
1
1
0
0
1
2
3
1
1
1
0
0
2
0
0
1
0
1
0
1
8
0
1
0
4
10
2
34
1
1
2
1
7
1
21
1
9
1
0
3
0
4
5
1
3
354
321
583
1
4
1
1
18
1
0
0
2
0
5
4
1
1
19
1
1
1
0
0
3
41
31
0
1
3
0
15
1
0
1
0
24
0
0
0
2
0
1
78
2
1
1
1
0
6
1
0
1
1
1
1
9
1
56
65
1
3
1
1
8
0
5
1
1
1
88
2
5
6
1
0
15
0
4
23
0
1
1
31
3
3
3
18
4
1
1
1
2
1
1
1
1
1
9
1
10
1
3
5
0
2
3
1
2
1
0
0
0
0
1
3
9
1
2
5
1
7
4
7
1
0
0
5
0
13
2
1
16
19
2
1
0
8
1
2
9
1
2
8
0
3
1
1
4
174
0
0
1
0
22
4
0
9
2
0
19
0
0
0
8
2
2
1
1
1
1
1
24
0
0
1
1
11
1
10
2
1
2
2
9
2
0
47
6
9
0
5
26
11
22
8
1
6
7
0
4
1
0
1
1
1
10
4
1
0
3
8
1
1
4
1
13
1
0
0
11
7
56
1
4
2
14
1
5
1
0
2
0
6
2
0
0
5
0
1
3
1
0
2
1
1
7
5
3
2
1
178
3
7
53
0
0
4
1
8
2
114
9
23
2
89
5
2
25
1
1
1
7
9
0
2
2
1
4
1
11
7
2
1
43
1
11
2
2
11
19
0
1
0
1
1
0
1
2
4
2
1
24
0
0
3
0
1
15
0
0
3
79
1
1
1
0
0
0
0
1
8
151
1
8
2
4
0
111
0
0
0
0
3
1
0
241
1
0
1
0
1
2
0
136
0
0
0
5
7
3
2
5
1
1
0
189
9
0
0
0
54
3
0
1
15
10
2
1
19
1
8
1
1
1
2
6
0
53
11
366
5
7
0
31
1
0
4
46
83
7
12
0
18
0
1
1
1
1
2
0
1
28
5
10
10
9
366
21
6
0
19
3
0
4
33
16
303
0
7
27
9
19
2
4
17
1
1
15
67
6
18
4
4
2
262
4
31
14
3
4
3
1
1
4
8
479
30
79
19
42
5
97
0
38
3
4
2
8
2
12
3
43
22
55
121
17
231
0
0
74
7
25
0
1
0
1
1
0
14
2
3
1
1
1
5
1
0
1
0
7
1
0
1
24
71
37
0
1063
2
52
28
2
60
0
27
14
1
40
0
0
2
1
39
241
1
2
1
0
82
2
23
7
8
2
3
7
1
1
3
1
0
1
0
4
1
3
0
1
0
1
2
0
1
8
12
0
1
10
0
1
1
2
1
3
1
2
1
1
10
12
0
1
15
4
5
0
21
2
10
0
0
15
2
2
9
6
1915
3
1
12
2
0
1
9
119
1
2
0
0
6
0
1
0
5
1
0
1
3
0
345
99
50
1
498
4
187
1
3
32
3053
317
6
2
0
10
8
58
1
1
2
1
13
1
0
0
24
1
1
1
1
10
8
1
0
0
1
8
1
15
2
152
4
2
3
9
6
1
0
31
1
2
3
16
254
2
12
1
1
1
16
2
0
1
1
2
1
0
1
1
3
2
4
254
1
2
13
2
4
14
0
5
1
1
1
10
2
1
13
0
0
7
9
2
6
1
6
1
1
2
105
2
5
1
3
0
1
23
0
37
3
19
14
1
10
7
20
64
25
11
0
59
0
2
0
12
1
2
1
1
231
109
4
682
29
350
10893
746
0
0
2
2
10
26
2
1
2
0
5
2
6
0
2
1
45
1
1
1
0
2
1
3
3
28
4
7
3
1
1
3
5
17
3
1
0
6
2
0
3
0
1
1
0
0
0
3
1
4
0
0
1
12
1
1
7
1
1
0
66
1
2
0
7
5
100
0
1
6
1
0
7
1
76
2
0
165
3
12
1
0
1
0
0
0
1
36
2
19
0
0
6
3
3
1
1
0
1
1
0
1
1
64
13
0
0
73
1
3712
1
1
0
0
1
0
0
1
0
0
0
1
15
1
19
0
0
1
0
3
0
2
81
2
1
0
0
16
12
140
0
8
12
4
6
128
14
0
1
2
10
9
0
0
0
2
0
6
0
10
2
0
1
1
26
1
0
0
30
3
0
1
0
22
1
0
1
1
113
1
4
1
34
0
1
1
1
4
1
1
1
2
4
0
1
17
11
0
4
2
0
10
2
3
0
13
13
0
3
3
2
60
25
1
2
2
1
1
1
1
0
0
0
0
0
0
0
1
2
10
4
2
0
3
0
15
3
2
1
1
0
7
1
1
5
0
6
2
2
2
1
7
8
2
3
1
1
2
127
2
13
6
40
6
483
7
0
28
243
2
6
3
0
1
0
15
1
1
1
1
0
0
1
4
1
0
69
10
1
2
6
2
2
1
1
2
28
3
1
1
3
1
1
2
25
0
2
0
59
1
8
2
1
