totalPapers
636
37
56
134
138
278
47
793
351
102
61
441
989
22
107
7
50
47
504
213
172
242
105
331
80
471
427
807
87
1303
301
484
585
176
72
425
50
28
24
1194
192
38
226
582
141
35
31
180
1276
8
272
97
2
1
6
205
182
140
280
1417
435
155
48
284
89
190
546
229
184
116
2022
885
80
263
281
246
56
521
277
15
5
100
83
52
347
120
162
890
690
44
342
237
708
996
350
383
161
239
20
278
56
41
29
37
30
36
36
59
39
29
24
25
107
25
122
1395
6
602
32
289
543
110
422
1201
1524
24
143
1227
110
57
56
1082
103
70
270
53
10
212
164
636
764
1296
6
894
130
29
735
251
148
713
814
23
195
298
111
359
1072
754
1697
468
604
393
4
54
6
512
1510
680
96
30
101
674
69
25
91
9
73
3
1
296
33
528
3
100
641
7
121
6
67
191
30
103
181
174
1673
66
115
32
234
188
1270
496
90
125
594
5432
60
202
19
416
1711
920
229
1203
1046
279
76
218
108
9
335
366
398
86
205
104
277
15
143
160
642
59
170
121
748
141
421
1742
2799
3
22
119
5
4
2
651
131
5
15
29
904
592
58
256
202
304
6
8
39
52
172
302
22
576
127
284
115
137
10
104
175
3000
1627
246
480
1
20
627
14
316
4
5
400
415
1427
310
115
131
328
2
322
333
179
92
27
318
199
57
154
99
31
1664
1
284
141
83
196
1005
214
16340
65
47
88
869
75
597
129
127
70
72
29
44
58
35
293
276
40
128
1840
490
62
111
1920
225
71
84
48
355
127
15
4
40
126
47
30
832
43
468
742
1176
554
9464
1450
104
1435
62
10154
2014
876
285
4201
247
953
171
514
476
718
3985
1982
2076
1986
12236
2291
7479
148
862
7752
485
2284
2557
725
2015
1048
561
1664
1973
3715
833
24
4727
2369
2332
3934
523
235
1711
1364
693
2553
673
792
254
3353
3306
3303
3717
323
13541
1556
7033
221
581
1957
907
2827
1160
2569
14034
376
196
270
225
74
445
77
211
155
319
717
1298
53
76
96
15
784
322
88
159
1213
1817
202
196
4415
513
503
189
76
60
24455
119
202
40
146
314
315
138
9
8
884
209
153
150
325
159
13
7
159
73
1316
5
117
84
14
138
1049
245
515
20
1493
2167
220
70
55
85
1
816
2466
1593
41
2
201
341
332
282
101
24
142
419
1656
104
6
822
104
235
252
957
568
393
189
580
635
2151
436
559
1206
937
480
295
318
309
2
56
703
350
129
67
20
6
18
31
536
48
42
777
910
418
4887
449
252
235
92
12
544
66
104
200
572
467
71
573
44
59
23
6
53
1630
7
314
1217
55
86
93
62
5
58
70
232
262
366
712
653
93
272
1
172
168
50
1072
530
731
103
75
150
4481
28
43
138
639
167
282
437
2716
274
113
70
143
197
345
15
7
69
151
58
2131
10
481
998
83
160
59
694
811
144
11
359
104
38
75
148
611
281
164
114
171
2140
775
1879
56
1136
278
231
97
49
219
68
201
3252
29
174
179
221
388
277
413
211
168
154
1562
374
207
277
120
159
240
58
491
105
87
32
135
8
206
11
275
496
590
31
322
557
148
4
960
1614
480
5
6
3
428
390
3
612
79
246
4
611
5
16036
82
18
686
11
78
4466
11
52
56
2
584
1
3
63
20
65
24
164
96
80
656
195
26
51
67
90
133
88
46
52
759
8
26
23
4
13
18
4
40
84
42
8
29
266
7
399
21
37
60
481
6
1033
3705
419
85
757
901
161
307
156
209
12
43
486
50
11
38
288
3320
4153
642
605
402
9
78
646
1125
777
8
345
1759
777
7
200
251
1990
1437
1
7
46
543
271
245
2364
17
159
84
136
359
69
1994
904
208
114
75
5086
125
17
107
245
688
78
539
703
958
6
6946
741
1144
285
82
10171
693
21
204
591
151
65
442
489
139
14
112
1021
1063
184
11
7
92
1359
191
15781
206
176
33
182
32
36
287
15
136
599
305
9
246
430
274
646
19
44
97
919
432
32
415
392
378
71
583
10
39
9
98
191
5
274
557
63
244
50
38
337
241
245
998
131
337
45
208
111
472
336
277
28
862
126
309
461
259
20
82
7
226
192
722
591
95
217
76
35
7604
278
1037
425
11
99
211
165
805
344
109
402
29
336
8
29
32
29
24
246
768
3
360
45
18
60
4705
110
77
145
241
240
3122
353
113
284
167
198
1018
11
115
131
94
86
20
183
77
47
6
383
65
53
23
8
37
4
558
781
47
999
43
20
97
93
2191
2392
877
475
741
2044
2997
1558
2756
3408
5621
9755
741
982
13262
457
1752
1038
1042
38
514
79
4000
4917
440
3162
1461
4979
6656
10221
2584
14538
1809
383
249
1140
1037
624
24
43
70
4
52
16
388
2266
100
505
41
544
347
1706
5
74
123
17
21
7
153
1959
193
42
33
202
119
18
192
33
182
72
28
291
27
633
370
1038
132
3
1733
107
711
6714
4668
2153
68
1161
19
259
28
593
33
24
195
247
12
589
119
748
134
24
1398
63
442
1031
142
131
75
44
321
469
969
146
454
474
63
522
624
35
541
51
221
547
425
105
274
39
306
38
2448
845
95
679
24
1936
18
237
21
101
110
857
325
243
14
86
604
98
135
28
55
86
179
51
230
20
299
767
19
237
38
235
1
39
15
229
513
13
960
208
5
256
55
860
820
13
81
6
61
59
66
222
214
332
445
237
134
19
150
18
155
106
52
65
74
1710
1297
2337
2081
415
623
2595
1550
3582
1345
753
338
38
83
921
621
710
197
35
180
75
117
29
97
80
983
37
84
12
32
29
885
1
1
732
9
45
277
859
7
292
272
1382
233
9
285
94
328
82
40
391
16
13
489
43
1651
37
1
1548
221
488
232
341
87
372
299
2182
74
115
204
111
772
1535
292
11528
525
1422
159
19
474
9
806
403
77
73
21
188
239
252
436
172
28
226
42
109
106
13
1657
59
529
21
437
202
95
1480
19277
4794
398
300
1497
602
1043
359
262
279
94
260
383
7
459
707
101
228
106
108
539
21
296
242
4
145
207
51
179
102
212
100
805
321
454
2
472
81
40
34
563
189
128
292
127
178
976
48
31
782
230
69
55
1262
45
246
352
725
491
332
694
173
752
1439
345
220
2140
471
1426
23
312
4
472
59
516
27
47
108
131
143
29
86
32
138
31
231
24
49
95
97
286
15
482
149
314
351
76
388
535
9
410
100
129
190
187
420
32
60
41
590
13
16
21
1565
75
4101
93
299
156
671
87
37
71
31
519
205
369
2278
338
95
184
28
1335
109
54
34
401
268
122
83
209
366
352
31
484
92
2
411
4
16
4
15
28
265
2461
357
107
93
22
38
22
1858
43
244
602
1094
421
136
13
17
75
216
258
209
543
16
565
64
2190
9
224
190
21
16
1
253
13
1
2653
167
61
80
24931
89
36
3909
139
391
93
202
151
140
928
290
73
154
47
925
125
78
266
19
139
72
1954
1132
297
844
93
142
595
189
279
92
8
25
101
119
54
54
27
1119
15
73
16
254
17
5
6
397
256
324
58
4
102
1238
416
1496
104
13
178
3
114
76
2592
491
407
904
376
164
793
28
188
658
79
3221
2039
23964
164
197
95
15
286
651
15
1154
356
323
370
151
11
9
235
1
7
1
13
531
95
8509
405
1
83
811
135
498
14
556
555
469
614
2390
504
46
802
36
6
1123
69
82
58
26
15
117
117
546
44
107
70
3
152
47
1514
1811
1227
52
43
5
691
582
214
235
9
13
2018
2018
69
38
393
39
1237
6
847
627
41
66
411
6036
1149
461
66
263
150
4
83
29
42
19
165
205
2725
2071
522
44
236
3272
1143
69
269
44
124
494
19
130
277
1023
310
66
1262
173
258
17
62
98
5
53
79
66
27
49
137
110
38
137
46
239
783
234
51
111
35
217
106
92
137
36
378
75
1158
830
15
6
61
2459
564
342
25
111
265
57
195
198
40
58
226
20
170
28
416
337
682
108
33
116
486
47
716
2
8
324
849
1768
1069
301
12
83
128
96
1518
164
748
1386
289
149
157
198
111
489
336
299
424
220
32
255
480
144
25
88
341
378
254
70
3227
14
65
61
110
240
365
313
40
37
132
971
114
511
341
1799
1007
69
106
631
6
151
98
52
112
167
2080
57
137
18
81
51
600
45
96
114
234
229
51
298
409
407
3756
246
346
578
118
5
287
49
1354
96
1791
188
993
62
524
26
250
2092
30
386
10
26
440
554
383
46
325
1345
1668
556
2190
57
1043
825
821
566
1850
934
313
239
435
13
187
144
102
38
261
9
217
70
7
868
31
145
445
414
6
176
1
5
71
2298
75
35
3
85
29
15
2
198
409
6067
112
184
5
143
53
3252
1
3
9033
594
47
251
120
3498
16
59
58
521
2
259
139
4020
325
15804
330
666
843
50
291
137
912
530
260
4683
226
77
31
517
876
73
73
17
75
526
306
8
224
17
78
4
43
25
72
498
129
1175
340
1961
28
128
135
482
243
28
51
231
779
900
723
1636
513
7
10
156
316
205
25
1958
3
259
135
160
443
77
3597
912
109
2
155
109
22
47
732
137
2289
3
38
368
134
98
40
38
297
148
2
459
642
373
859
40
173
47
16850
24
748
86
25
485
82
147
228
48
98
3747
702
472
310
936
98
432
11
1151
192
30
15
51
25
826
24
1084
242
495
906
182
2641
145
172
848
421
456
447
141
2
52
32
13
787
151
138
7
49
42
418
916
44
359
2841
5657
84
30
65
357
525
556
21
22091
76
846
529
115
619
5
616
133
117
1050
56
27
319
212
783
2785
85
103
11
21
516
268
318
61
1462
3016
158
88
14
133
131
31
40
60
680
1681
58
326
614
546
454
242
85
134
34
310
71
59
4
2724
39
246
117
123
43
125
57
53
75
120
557
318
107
142
131
63
66
124
150
135
124
115
122
86
87
128
130
137
19165
34
8
210
21
12
99
376
7237
1343
97
1005
8
883
11
187
761
436
584
184
17
265
19
1912
514
1411
1
5539
380
1056
35
59
468
25159
3784
120
94
1430
1319
129
699
222
3
285
592
6190
3
199
395
263
141
292
841
218
310
156
70
183
7
34
2039
2757
507
82
3427
42
231
400
2010
6008
69
169
500
86
6
132
239
4792
593
599
63
40
15
426
34
67
10
246
67
1651
391
19
1
371
2806
72
7173
16
8
251
3
79
264
912
859
20
5
154
1052
515
16
480
17
300
376
192
292
960
8
132
35
1
13
2382
15
652
27
37
475
50
196
14
587
62
218
101
4
137
141
218
727
153
44
12
396
9
33
483
279
36
9
3865
143
5320
6590
698
8117
3876
7196
220376
7526
3517
411
123
625
183
569
117
7
73
2406
357
115
1032
7
518
260
2132
114
24
5
297
58
145
116
179
593
73
29
19
19
96
107
208
630
129
39
8
155
226
15
957
138
270
44
491
100
34
493
244
214
14
446
55
2354
2
14
512
319
9
87
1118
2
163
63
160
281
1804
1150
172
71
9
11
420
897
2568
187
17
4066
722
541
3
691
213
326
380
200
474
420
84
2805
127
117
75
677
871
192
1238
39
18
1441
119
1273
69
3104
954
23
578
9814
507
93262
585
67
12
115
10
97
19971
221
8
321
406
56
111
33
292
9
48
123
222
177
121
63
4672
822
1
241
67
1263
89
1780
1
117
217
83
71
1830
438
132
298
249
201
217
184
541
69
665
420
2284
32
126
156
1417
61
375
375
93
1
237
369
599
33
17
28
171
141
47
110
52
1757
184
1765
107
837
324
44
400
38
269
13
86
34
393
158
13
34
715
398
30
172
185
2741
115
32
103
2
118
1960
32
215
138
35
636
1725
16
70
465
100
371
80
146
23
376
25
9
259
11
15
5665
55
336
253
292
521
149
39
197
33
667
5112
247
36
497
842
783
442
341
108
24
43
20
24
390
133
43
38
1
138
134
1124
27
394
273
1111
171
3559
66
24
468
3291
279
46
22
9
201
27
331
61
1751
44
24
1630
26
180
105
142
659
1973
181
56
369
76
391
146
316
80
329
3170
149
17
120
10
7736
38
88
2662
159
25
2
4457
9
136
117
5
