pctRepoPapers
5.03145
2.7027
3.57143
1.49254
0.724638
0.719424
2.12766
0.252207
3.7037
0.980392
9.83607
2.26757
1.71891
4.54545
6.54206
0
4
2.12766
2.77778
1.40845
11.6279
10.3306
0.952381
3.62538
1.25
7.21868
11.4754
11.772
1.14943
0.38373
0.664452
0.206612
0.17094
0.568182
9.72222
5.41176
0
0
4.16667
1.50754
2.60417
5.26316
0.442478
0.343643
6.38298
8.57143
6.45161
7.22222
0.940439
12.5
1.10294
2.06186
50
100
16.6667
2.43902
1.0989
2.14286
0.714286
0
0.91954
5.16129
0
2.11268
1.1236
3.15789
0.18315
0.873362
2.17391
0
0
12.5424
2.5
3.42205
0.711744
2.43902
1.78571
1.53551
1.08303
6.66667
20
10
1.20482
1.92308
8.93372
0.833333
1.85185
0.561798
1.5942
2.27273
0
0
5.22599
21.4859
0.285714
6.52742
2.48447
0.83682
5
0.719424
19.6429
2.43902
10.3448
2.7027
10
16.6667
11.1111
1.69492
5.12821
6.89655
8.33333
4
0.934579
4
3.27869
1.07527
16.6667
1.49502
3.125
0
1.4733
0.909091
0.473934
0.249792
0.131234
4.16667
1.3986
0.0814996
10
1.75439
7.14286
0
0
7.14286
2.96296
3.77358
10
0.471698
8.53659
7.2327
2.74869
0.385802
16.6667
0.33557
1.53846
6.89655
1.36054
1.19522
0.675676
0.280505
1.59705
4.34783
6.15385
0.33557
0.900901
6.40669
0.0932836
1.98939
0.0589275
1.06838
0.331126
0
25
7.40741
16.6667
9.76562
1.39073
0
13.5417
6.66667
15.8416
5.93472
5.7971
4
6.59341
11.1111
5.47945
33.3333
100
41.8919
3.0303
16.4773
33.3333
1
58.9704
14.2857
6.61157
16.6667
1.49254
13.089
6.66667
2.91262
1.65746
0
1.19546
9.09091
0.869565
9.375
8.97436
10.1064
0.15748
0.201613
8.88889
1.6
0.16835
4.14212
10
8.41584
5.26316
0.240385
5.0263
1.73913
2.62009
2.66002
0.0956023
9.319
5.26316
1.83486
0.925926
22.2222
15.5224
11.7486
0.502513
3.48837
0.97561
1.92308
1.44404
13.3333
5.59441
5.625
1.09034
3.38983
1.17647
1.65289
0.40107
0.70922
0
0.114811
0.35727
33.3333
4.54545
0.840336
20
25
50
8.29493
10.687
20
13.3333
6.89655
3.53982
10.9797
5.17241
2.34375
0.49505
10.5263
16.6667
12.5
5.12821
7.69231
1.74419
20.8609
13.6364
1.73611
3.93701
0
2.6087
1.45985
10
5.76923
5.71429
12.3667
3.1346
19.1057
1.04167
100
35
9.88836
14.2857
0.632911
75
20
0.75
0
12.1233
11.2903
4.34783
16.7939
13.7195
50
9.62733
0.600601
2.7933
7.6087
3.7037
4.40252
8.0402
3.50877
0.649351
1.0101
3.22581
0.540865
100
4.57746
0
3.61446
1.02041
0.199005
5.14019
5.80171
4.61538
2.12766
13.6364
6.44419
1.33333
0
0
0.787402
4.28571
6.94444
6.89655
4.54545
3.44828
8.57143
0.341297
3.62319
12.5
10.1562
15.0543
0
4.83871
5.40541
17.2396
8
8.4507
8.33333
4.16667
0
3.14961
6.66667
25
2.5
11.9048
10.6383
3.33333
7.93269
2.32558
0.42735
7.27763
0.340136
12.6354
13.6623
16.069
0.961538
23.4146
1.6129
11.1385
0.844091
13.8128
2.80702
2.68984
2.42915
20.3568
1.16959
3.30739
0.210084
1.94986
8.88331
0.857719
2.16763
11.43
44.7614
5.28154
0.441235
0.675676
10.3248
2.61868
0.206186
2.45184
0.0391083
0.551724
6.99752
44.3702
0.356506
0.78125
0.304105
26.3257
31.8127
12.5
1.2693
1.35078
2.53002
3.15201
1.52964
1.2766
0.818235
1.17302
0.577201
0.352526
1.93165
1.76768
10.2362
31.8819
0.272232
0.333031
1.42588
1.23839
0.369249
2.12082
5.77279
0.452489
4.81928
16.3516
2.31533
8.7018
0.775862
0.194628
0.441784
0.265957
3.57143
1.11111
0.444444
1.35135
3.37079
2.5974
3.31754
9.67742
8.46395
4.60251
1.07858
7.54717
1.31579
1.04167
6.66667
1.65816
2.79503
1.13636
0.628931
4.45177
6.32911
0
0
9.21857
8.577
15.7058
24.3386
9.21053
1.66667
2.14271
0.840336
2.9703
2.5
1.36986
1.27389
4.7619
1.44928
11.1111
12.5
0.226244
0.478469
2.61438
4.66667
6.46154
10.6918
23.0769
14.2857
2.51572
58.9041
17.2492
20
0
5.95238
7.14286
13.7681
0.285987
2.85714
28.3495
5
15.8071
13.198
13.1818
8.57143
5.45455
2.35294
100
3.92157
0
17.3258
19.5122
50
1.49254
0.58651
4.21687
0.70922
0.990099
8.33333
21.831
0.238663
2.47585
2.88462
16.6667
0.243309
1.92308
2.55319
2.77778
0.104493
0.176056
0.254453
1.0582
0.517241
0.314961
0.18596
0.458716
0.178891
0.331675
0.106724
0.208333
0.338983
0.314465
0.323625
50
1.78571
0.284495
31.7143
7.75194
4.47761
10
50
0
16.129
14.3657
4.16667
19.0476
14.157
7.14286
20.5742
23.3067
18.4855
31.3492
5.95745
22.8261
8.33333
7.90441
1.51515
24.0385
17.5
5.41958
18.8437
7.04225
7.15532
2.27273
0
4.34783
16.6667
0
34.2945
14.2857
29.2994
8.79211
14.5455
44.186
4.30108
12.9032
20
29.3103
4.28571
7.75862
6.10687
3.27869
0.280899
1.83767
5.37634
0.735294
100
0
1.19048
10
0.0932836
0.188679
0.136799
0.970874
2.66667
6
0.490962
3.57143
2.32558
0.724638
8.13772
2.99401
0.35461
4.57666
0
0.729927
9.73451
7.14286
1.3986
1.01523
2.89855
20
14.2857
5.7971
4.63576
1.72414
0.187705
10
0.623701
2.30461
1.20482
0.625
0
0.576369
30.9494
3.47222
9.09091
1.11421
0.961538
7.89474
10.6667
0.675676
0.490998
1.06762
2.43902
0.877193
0.584795
0
1.67742
0.585418
1.78571
0.0880282
0.359712
2.5974
1.03093
8.16327
2.73973
7.35294
0.497512
0.0922509
3.44828
1.72414
0.558659
3.16742
0.515464
6.49819
1.45278
0.473934
1.78571
0
0.128041
3.20856
3.38164
4.69314
5
2.51572
3.33333
6.89655
0.610998
2.85714
9.1954
3.125
1.48148
12.5
27.1845
18.1818
0
22.9839
1.69492
3.22581
4.65839
4.12926
4.72973
25
0.208333
2.16853
9.16667
40
16.6667
100
1.16822
0.512821
33.3333
0
1.26582
1.21951
25
1.96399
40
0.193315
2.43902
16.6667
0.874636
9.09091
1.28205
0.179131
9.09091
3.84615
1.78571
50
8.39041
100
33.3333
1.5873
5
7.69231
4.16667
2.43902
2.08333
8.75
4.57317
1.02564
3.84615
1.96078
1.49254
1.11111
3.7594
21.5909
4.34783
1.92308
0.527009
12.5
3.84615
26.087
25
7.69231
5.55556
25
2.5
1.19048
4.7619
12.5
6.89655
0.37594
14.2857
0.250627
9.52381
0
6.66667
1.2474
0
0
6.80162
0.71599
1.17647
0.528402
0
0.621118
0
17.3077
20.5742
8.33333
27.907
27.1605
14
18.1818
5.26316
10.7639
5.03012
0.0963159
0.778816
1.4876
0.248756
11.1111
1.28205
0.154799
0.533333
4.2471
25
0
3.41103
0.1287
14.2857
3.5
2.39044
4.92462
10.9951
0
14.2857
0
41.8048
3.69004
1.22449
2.74958
11.7647
0.628931
1.19048
0.735294
0.278552
5.7971
15.346
1.76991
86.5385
0.877193
1.33333
5.09241
1.6
5.88235
4.6729
0.408163
0
1.28205
0.371058
1.70697
0.313152
0
23.9274
22.6721
21.2413
23.8596
1.21951
2.53662
6.63781
4.7619
0.490196
3.5533
1.3245
1.53846
0.678733
0
15.8273
7.14286
23.2143
0.0979432
5.92662
0.543478
9.09091
14.2857
13.0435
1.25092
0.52356
0.506939
1.45631
0.568182
3.0303
20.3297
6.25
16.6667
1.0453
6.66667
2.94118
1.16861
2.62295
22.2222
2.84553
2.32558
30.292
35.1393
10.5263
31.8182
1.03093
0.217628
0.694444
3.125
1.68675
0.255102
4.7619
1.40845
0.171527
50
7.69231
11.1111
1.02041
7.32984
20
0.364964
0.5386
6.34921
0.409836
6
2.63158
4.45104
0.414938
0.816327
0.1002
0.763359
0.890208
2.22222
0.480769
0.900901
1.90678
5.35714
11.5523
3.57143
2.32019
0
1.61812
0.21692
2.7027
5
1.21951
14.2857
0.442478
0.520833
4.15512
0.338409
2.10526
1.38249
2.63158
5.71429
2.6565
14.7482
6.36451
8.23529
9.09091
19.1919
1.89573
5.45455
2.36025
7.55814
2.75229
0.497512
3.44828
1.19048
12.5
6.89655
6.25
3.44828
12.5
7.31707
17.4479
33.3333
3.33333
2.22222
22.2222
1.66667
7.82147
1.81818
12.987
0
0.414938
1.66667
7.01473
0.283286
7.07965
19.3662
10.7784
12.6263
19.7446
9.09091
23.4783
18.3206
1.06383
25.5814
15
6.55738
1.2987
8.51064
66.6667
3.65535
0
0
8.69565
12.5
10.8108
25
0.896057
1.40845
2.12766
1.001
2.32558
5
2.06186
7.52688
4.01643
1.33779
6.27138
4.21053
6.47773
17.7104
5.43877
1.21951
0
19.6596
0.213485
8.52896
0.269906
0
22.9679
7.43982
10.6735
1.25241
2.39923
2.63158
0.77821
1.26582
1.15
2.46085
2.5
9.7723
0.821355
6.2864
6.28005
15.8693
1.16099
0.18572
0.608071
0.261097
1.60643
0.438596
3.85728
4.64744
4.16667
30.2326
15.7143
50
34.6154
12.5
1.80412
0
9
3.56436
29.2683
0.183824
0
1.52403
40
2.7027
1.62602
5.88235
19.0476
14.2857
20.2614
0
19.171
21.4286
42.4242
8.91089
8.40336
33.3333
18.75
15.1515
17.033
2.77778
3.57143
12.7148
11.1111
23.8547
1.89189
10.79
4.54545
33.3333
1.84651
14.0187
76.09
7.26839
29.2416
29.4473
5.88235
27.8208
21.0526
11.583
17.8571
9.61214
3.0303
8.33333
0
0.404858
8.33333
44.652
16.8067
0.13369
1.49254
4.16667
0.143062
1.5873
2.26244
0.0969932
0
0.763359
9.33333
2.27273
0.311526
12.1535
0.928793
7.53425
15.1982
1.47679
11.1111
8.42912
0.320513
2.85714
0.739372
7.84314
0.904977
0
0.235294
0.952381
0.729927
7.69231
0.326797
2.63158
0.571895
0.236686
2.10526
0.147275
8.33333
3.15083
5.55556
2.1097
4.7619
0.990099
1.81818
2.10035
6.46154
10.2881
7.14286
1.16279
1.15894
32.6531
0
7.14286
23.6364
1.16279
6.14525
1.96078
0
15
26.087
0.130378
5.26316
0.843882
18.4211
14.0426
100
10.2564
13.3333
2.62009
11.306
7.69231
17.9167
11.0577
20
3.90625
3.63636
0.465116
0.853659
7.69231
6.17284
16.6667
1.63934
0
6.06061
0.45045
4.20561
3.01205
5.8427
5.90717
25.3731
10.5263
8.66667
16.6667
8.3871
7.54717
1.92308
6.15385
1.35135
0.292398
0.077101
0.0427899
0.0961076
0.481928
0.321027
0.732177
0.193548
0.0558347
0.148699
2.25764
0.887574
0
2.40964
0.217155
1.44928
7.60563
3.04569
14.2857
23.8889
6.66667
5.98291
3.44828
5.15464
6.25
1.52594
2.7027
1.19048
25
3.125
20.6897
3.38983
100
100
0.273224
11.1111
2.22222
0.361011
0.465658
0
2.73973
0.367647
0.434153
1.71674
22.2222
0.701754
1.06383
1.21951
1.21951
7.5
1.02302
6.25
7.69231
0.408998
4.65116
0.121139
8.10811
100
15.7623
1.35747
1.43443
2.58621
17.8886
1.14943
0.268817
3.67893
0.779102
1.35135
0.869565
0.490196
1.8018
0.647668
2.21498
0.342466
1.13636
1.14286
0.21097
3.14465
5.26316
1.47679
11.1111
0.124069
29.7767
83.1169
5.47945
23.8095
0
2.09205
1.5873
0.458716
6.39535
3.57143
0.884956
2.38095
0.917431
0.943396
23.0769
5.5522
5.08475
0.378072
4.7619
7.09382
5.94059
2.10526
19.4595
10.5462
2.60743
0.502513
1.33333
1.60321
0
21.86
4.45682
0.381679
0.358423
15.9574
10.7692
6.26632
14.2857
0.43573
0.141443
2.9703
0.438596
15.0943
1.85185
0.185529
4.7619
0
0.413223
25
6.2069
0.483092
13.7255
0.558659
0.980392
0.471698
1
0.248447
0.311526
0.440529
50
0.635593
1.23457
7.5
5.88235
0.888099
0.529101
2.34375
1.36986
6.29921
1.68539
4.71311
22.9167
3.22581
0.127877
6.95652
1.44928
1.81818
6.2599
24.4444
1.62602
0.284091
1.65517
9.36864
0.903614
5.76369
2.89017
0.132979
0.903405
0.289855
0.454545
0.981308
1.91083
0.981767
4.34783
0.961538
25
10.8051
6.77966
33.3333
22.2222
2.12766
0.925926
0.763359
0.699301
6.89655
8.13953
15.625
1.44928
6.45161
2.5974
4.16667
4.08163
1.05263
1.03093
1.74825
6.66667
0.622407
0.671141
2.86624
2.849
1.31579
0.515464
1.86916
11.1111
0.731707
3
3.10078
0
11.2299
3.80952
3.125
3.33333
2.43902
0.847458
7.69231
6.25
4.7619
0.57508
1.33333
2.80419
4.30108
4.01338
1.28205
0.596125
2.29885
2.7027
2.8169
9.67742
13.4875
2.43902
6.50407
0.0438982
0.591716
1.05263
14.1304
3.57143
0.299625
3.66972
0
5.88235
0.249377
0.373134
2.45902
2.40964
0.478469
1.91257
0.568182
12.9032
0.413223
33.6957
50
3.16302
25
6.25
25
13.3333
3.57143
2.26415
13.7749
7.56303
1.86916
0
18.1818
2.63158
4.54545
5.43595
4.65116
0.819672
1.99336
10.4205
2.3753
0.735294
7.69231
29.4118
12
0.925926
5.42636
2.87081
3.31492
6.25
4.60177
1.5625
14.4749
22.2222
4.01786
8.94737
9.52381
18.75
100
4.74308
30.7692
100
0.11308
3.59281
4.91803
26.25
4.62075
3.37079
5.55556
11.3584
20.1439
16.3683
2.15054
1.9802
1.98675
0.714286
0.107759
0.344828
30.137
3.24675
2.12766
3.89189
20
1.28205
4.13534
5.26316
0.719424
31.9444
3.83828
0.353357
19.1919
0.236967
3.22581
5.6338
0.336134
0.529101
0.358423
1.08696
12.5
8
2.9703
0.840336
3.7037
3.7037
25.9259
0.0893655
26.6667
6.84932
6.25
0.393701
5.88235
20
16.6667
0.251889
3.125
0
1.72414
25
4.90196
1.21163
0.480769
2.87433
0.961538
7.69231
1.1236
33.3333
6.14035
1.31579
1.35031
0.203666
2.9484
0.774336
0.797872
2.43902
0.126103
17.8571
3.19149
0.151976
3.79747
18.8761
23.4429
4.39409
0.609756
2.03046
1.05263
13.3333
12.2378
0.15361
6.66667
0.0866551
0.561798
0
1.35135
3.97351
9.09091
11.1111
9.78723
100
28.5714
100
7.69231
1.31827
34.7368
0.540604
8.39506
100
1.20482
0.493218
2.96296
4.21687
7.14286
0.539568
0.36036
0.21322
4.07166
0.041841
0.198413
2.17391
0.249377
2.77778
16.6667
13.9804
2.89855
1.21951
6.89655
11.5385
13.3333
12.8205
1.7094
0.18315
2.27273
5.60748
1.42857
33.3333
17.1053
6.38298
5.08587
4.36223
0.0814996
11.5385
4.65116
20
4.0521
0
2.80374
0.851064
11.1111
7.69231
5.20317
0.842418
17.3913
26.3158
0.254453
5.12821
1.53597
16.6667
0.472255
12.1212
2.43902
1.51515
0.243309
0.54672
0.261097
0.650759
9.09091
11.4068
4
25
1.20482
3.44828
9.52381
5.26316
0.606061
0.487805
0.0733945
0.0482859
1.91571
2.27273
8.47458
0.213936
0.262467
14.4928
1.11524
4.54545
2.41935
0.202429
15.7895
0.769231
0.361011
0.195503
0.322581
1.51515
0.158479
2.31214
4.26357
5.88235
16.129
7.14286
20
18.8679
6.32911
10.6061
7.40741
10.2041
0
8.18182
2.63158
10.9489
4.34783
0.41841
2.55428
15.3846
5.88235
3.6036
2.85714
3.68664
0.943396
3.26087
8.0292
2.77778
2.6455
13.3333
0.0863558
0.481928
13.3333
16.6667
6.55738
8.98739
0.531915
0.584795
8
1.8018
11.3208
8.77193
0.512821
6.06061
5
5.17241
8.84956
5
1.76471
3.57143
1.92308
1.48368
0.293255
0.925926
3.0303
0.862069
0.205761
10.6383
4.88827
50
12.5
0.308642
0.117786
1.0181
0.0935454
7.30897
16.6667
2.40964
1.5625
2.08333
1.3834
1.21951
9.75936
0.649351
3.11419
0.671141
4.4586
28.2828
17.1171
4.70348
2.38095
0.334448
1.41509
5.90909
3.125
1.56863
0.416667
0.694444
12
1.13636
0.293255
2.6455
1.9685
1.42857
0.247908
21.4286
13.8462
1.63934
0.909091
1.66667
0.273973
7.34824
7.5
8.10811
0.757576
1.85376
7.01754
12.5245
0.293255
0.333519
0.19861
21.7391
0.943396
1.74326
16.6667
1.98675
3.06122
1.92308
5.35714
1.79641
0.0480769
1.75439
4.37956
5.55556
1.23457
7.84314
0.166667
2.22222
4.16667
0.877193
0.42735
3.05677
9.80392
1.00671
0.488998
0.2457
8.94569
1.21951
2.02312
9.16955
0.847458
20
2.09059
4.08163
1.25554
2.08333
6.92351
5.31915
2.71903
4.83871
24.6183
19.2308
1.2
1.48184
3.33333
0.259067
10
26.9231
3.63636
0.361011
0.78329
4.34783
0.307692
0.297398
0.059952
2.15827
0.319635
3.50877
0.0958773
5.33333
0.121803
2.12014
0.108108
0.321199
3.83387
12.1339
0.45977
15.3846
0.534759
2.77778
2.94118
21.0526
0.383142
22.2222
1.84332
4.28571
14.2857
16.2442
3.22581
0.689655
0.674157
0
16.6667
38.6364
0
20
4.22535
4.43864
4
2.85714
33.3333
0
3.44828
6.66667
0
1.0101
2.20049
3.08225
1.78571
11.413
40
2.7972
0
4.5818
100
66.6667
0
0.16835
6.38298
0.398406
0.833333
21.1549
12.5
1.69492
1.72414
0.191939
50
0.772201
0.719424
4.00498
0
0
0
0.750751
0.830368
6
0.687285
5.83942
0.109649
0.188679
0
6.12855
4.86726
1.2987
12.9032
0
7.53425
4.10959
1.36986
5.88235
24
2.85171
1.96078
12.5
10.2679
5.88235
14.1026
25
6.97674
4
2.77778
1.40562
0
10.0426
5.88235
22.1826
21.4286
19.5312
0.740741
19.917
56.3786
10.7143
7.84314
26.8398
24.0051
79.6667
54.0802
0
13.6452
14.2857
10
0.641026
0.316456
0.487805
8
0.0510725
33.3333
21.6216
4.44444
10
7.67494
11.6883
12.0934
23.3553
7.33945
0
14.8387
2.75229
9.09091
8.51064
7.51366
13.8686
23.1979
33.3333
36.8421
34.2391
8.20896
35.7143
10
10.5263
5.72391
0.675676
50
7.62527
14.7975
2.41287
3.37602
10
34.6821
31.9149
2.13056
29.1667
6.81818
26.7442
12
1.4433
13.4146
0.680272
0.438596
10.4167
17.3469
21.2703
14.1026
22.8814
11.9355
8.2265
12.2449
40.0463
9.09091
3.90964
1.5625
16.6667
20
21.5686
24
8.95884
16.6667
22.6937
15.2893
13.3333
21.3024
15.9341
11.1321
1.37931
1.74419
33.7264
41.0926
11.8421
0.447427
1.41844
50
5.76923
6.25
7.69231
2.41423
3.31126
3.62319
28.5714
4.08163
2.38095
1.43541
0.10917
0
0.278552
0
0.141418
1.19048
13.3333
13.8462
33.6134
34.8571
12.4101
4.7619
19.6053
38.1579
41.7258
39.1304
3.47826
32.7948
60
25
36.8421
0.854701
12.1905
1.78571
29.6296
0.626959
0.471698
16.4751
32.3519
1.17647
1.94175
9.09091
9.52381
29.0698
1.1194
10.0629
13.1148
1.16279
0.232095
3.79747
11.3636
7.14286
0.75188
3.05344
3.22581
0
10
0.147059
0.297442
3.44828
2.45399
0
0.3663
0.881057
0.413223
2.35294
1.49254
5.88235
7.41935
22.5352
3.38983
25
0.550661
2.5641
2.84553
1.7094
1.62602
2.32558
3.2
1.75439
3.77358
1.33333
1.66667
3.05206
20.4403
0.934579
0.704225
25.1908
7.93651
22.7273
21.7742
32
2.22222
27.4194
8.69565
2.45902
25.5814
8.04598
7.03125
31.5385
8.0292
20.3235
8.82353
12.5
9.52381
14.2857
8.33333
12.1212
3.19149
2.7083
0.372301
2.06186
0
12.5
0.792752
9.09091
1.06952
0
1.37615
0.171233
0.543478
5.88235
1.50943
26.3158
34.8326
35.214
6.66194
100
13.4681
1.05263
25.5682
2.85714
5.08475
9.82906
20.915
12.4207
5
2.12766
0.13986
0.833965
6.20155
15.7368
0.45045
33.3333
0.701754
0.168919
0.452342
33.3333
0.502513
0
9.12548
2.12766
0.684932
0.237812
0.458716
3.22581
6.41026
2.85714
1.0929
14.2857
8.82353
1.02992
0.0362713
2.95858
6.09756
5.25241
40.4762
3.4632
0.75
0.447761
0.116511
4.34783
2.95858
6.8
1.16279
33.3333
4.54545
6.69456
7.86728
1.34907
5.17529
1.5873
12.5
20
6.57277
5.88235
4.47761
20
0.813008
7.46269
0.0605694
0.255754
5.26316
100
2.69542
0.142552
11.1111
13.272
6.25
25
5.57769
100
5.06329
5.30303
0
0.814901
20
20
15.5844
0.95057
0.38835
6.25
4.375
5.88235
0
2.12766
4.6875
0.684932
2.1875
12.5
4.54545
17.1429
100
23.0769
6.38119
20
1.07362
3.7037
8.10811
0.631579
4
15.8163
0
23.6797
9.67742
20.6422
18.8119
25
29.927
7.80142
26.1468
12.9298
32.0261
34.0909
8.33333
17.1717
11.1111
12.1212
0
5.73477
5.55556
22.2222
0.0517464
0.699301
9.81203
6.76783
1.43266
28.7175
2.03818
8.56031
10.2053
17.2336
0
0.243309
1.62602
0.32
6.01093
6.32689
2.5641
14.2857
2.73973
0.0415628
1.40056
1.73913
3.19767
0
1.35135
0.384615
16.2289
0.877193
4.16667
20
0.3367
8.62069
1.37931
4.31034
1.67598
8.93761
5.47945
24.1379
15.7895
10.5263
1.04167
3.73832
4.80769
3.49206
6.97674
7.69231
25
4.51613
0.884956
6.66667
0.626959
0.724638
1.48148
2.27273
0
2
2.94118
1.62272
0.409836
1.86916
7.14286
1.12108
1.81818
0.892099
50
7.14286
1.36719
0.31348
11.1111
1.14943
8.31843
50
1.22699
0
6.25
2.4911
7.81596
0.0869565
1.74419
15.493
11.1111
9.09091
1.66667
0.111483
5.60748
1.06952
11.7647
4.94343
0.415512
2.21811
33.3333
0.868307
0.469484
0
0
0.5
0.21097
18.3333
3.57143
2.42424
0.787402
2.5641
8
1.32939
0.688863
0.520833
0.161551
2.5641
5.55556
0.0693963
0.840336
0.314218
2.89855
6.70103
22.8512
17.3913
0
1.05971
0.197239
9.61807
0.17094
1.49254
8.33333
1.73913
10
1.03093
0
0.452489
12.5
0.934579
0.246305
1.78571
15.3153
9.09091
16.0959
11.1111
2.08333
2.43902
1.35135
10.1695
0.826446
3.1746
2.29024
30.292
100
0.829876
1.49254
35.7086
22.4719
12.6404
0
12.8205
15.6682
4.81928
14.0845
8.96175
6.16438
0.757576
0.33557
0.803213
5.47264
6.45161
0.543478
0.184843
2.89855
0.300752
0.238095
0.30648
6.25
9.52381
6.41026
0.564573
1.63934
0.266667
9.06667
4.30108
0
0
11.6531
2.00334
3.0303
5.88235
3.57143
15.2047
0.70922
2.12766
0.909091
1.92308
11.7245
0.543478
0.283286
0.934579
5.49582
2.16049
4.54545
0.25
5.26316
1.48699
7.69231
2.32558
2.94118
0.763359
2.53165
15.3846
5.88235
2.93706
3.01508
0
11.0465
1.62162
0
9.56522
6.25
6.79612
50
11.8644
0.765306
0
2.7907
2.89855
5.71429
13.522
9.15942
12.5
2.85714
0.645161
3
0.539084
1.25
1.36986
4.34783
0
4
11.1111
0.3861
9.09091
6.66667
0.723742
3.63636
2.97619
1.97628
0.684932
0
2.68456
0
10.6599
12.1212
0.449775
0.0586854
0.404858
11.1111
1.40845
0.23753
0.127714
2.0362
0
7.40741
8.33333
4.65116
10
4.16667
2.05128
6.01504
4.65116
7.89474
100
0.724638
2.23881
14.4128
11.1111
3.29949
2.9304
3.69037
3.50877
15.0323
15.1515
0
8.97436
10.392
11.4695
15.2174
13.6364
11.1111
0.995025
3.7037
12.0846
3.27869
0.0571102
6.81818
8.33333
0.122699
3.84615
1.11111
4.7619
0.704225
0.151745
4.66295
6.62983
1.78571
1.08401
9.21053
0.767263
1.36986
0.316456
3.75
0.607903
1.60883
2.01342
5.88235
1.66667
40
0.0387797
2.63158
5.68182
1.16454
0.628931
8
50
1.50325
11.1111
11.0294
2.5641
20
