repoPapers
32
1
2
2
1
2
1
2
13
1
6
10
17
1
7
0
2
1
14
3
20
25
1
12
1
34
49
95
1
5
2
1
1
1
7
23
0
0
1
18
5
2
1
2
9
3
2
13
12
1
3
2
1
1
1
5
2
3
2
0
4
8
0
6
1
6
1
2
4
0
0
111
2
9
2
6
1
8
3
1
1
10
1
1
31
1
3
5
11
1
0
0
37
214
1
25
4
2
1
2
11
1
3
1
3
6
4
1
2
2
2
1
1
1
4
15
1
9
1
0
8
1
2
3
2
1
2
1
11
1
4
0
0
5
8
2
1
1
14
46
21
5
1
3
2
2
10
3
1
2
13
1
12
1
1
23
1
15
1
5
2
0
1
4
1
50
21
0
13
2
16
40
4
1
6
1
4
1
1
124
1
87
1
1
378
1
8
1
1
25
2
3
3
0
20
6
1
3
21
19
2
1
8
2
1
225
6
17
1
1
86
16
6
32
1
26
4
4
1
2
52
43
2
3
2
2
4
2
8
9
7
2
2
2
3
1
0
2
10
1
1
1
1
1
1
54
14
1
2
2
32
65
3
6
1
32
1
1
2
4
3
63
3
10
5
0
3
2
1
6
10
371
51
47
5
1
7
62
2
2
3
1
3
0
173
35
5
22
45
1
31
2
5
7
1
14
16
2
1
1
1
9
1
13
0
3
2
2
11
948
3
1
12
56
1
0
0
1
3
5
2
2
2
3
1
10
5
13
277
0
3
6
331
18
6
7
2
0
4
1
1
1
15
5
1
66
1
2
54
4
70
1293
233
1
336
1
1131
17
121
8
113
6
194
2
17
1
14
354
17
45
227
5477
121
33
1
89
203
1
56
1
4
141
465
2
13
6
978
265
3
60
32
59
124
8
3
14
16
4
9
13
14
26
1069
9
11
53
4
50
33
406
1
28
320
21
246
9
5
62
1
7
3
1
1
15
2
7
15
27
33
14
4
1
1
1
13
9
1
1
54
115
0
0
407
44
79
46
7
1
524
1
6
1
2
4
15
2
1
1
2
1
4
7
21
17
3
1
4
43
227
1
0
5
1
19
3
7
146
1
236
286
29
6
3
2
1
32
0
276
8
1
3
2
14
2
1
2
31
1
41
3
1
2
2
6
7
1
1
1
2
3
2
4
2
1
4
1
1
1
1
1
1
1
2
111
10
3
2
3
0
5
77
2
8
110
65
86
1139
83
79
14
21
1
43
1
25
35
31
88
5
41
1
0
1
1
0
559
1
92
107
8
38
4
8
1
17
3
18
16
12
2
12
5
2
1
0
2
5
1
1
1
1
2
9
22
1
1
1
52
5
1
20
0
2
11
5
2
2
10
3
1
4
7
1
4
1
3
23
1
1
0
4
251
5
1
4
1
3
8
1
3
3
4
1
1
0
13
11
1
1
1
6
1
4
6
5
1
3
1
3
1
7
2
18
6
1
3
0
2
12
7
13
6
4
8
4
3
3
8
1
2
1
56
2
0
114
10
1
15
23
7
1
2
35
44
2
1
3
5
2
1
0
1
3
1
12
2
31
2
3
6
1
1
8
1
2
1
1
49
1
1
1
1
5
1
4
2
7
30
2
1
1
1
1
5
19
2
1
4
1
1
6
1
1
1
1
1
1
2
1
2
1
1
1
2
0
4
6
0
0
252
3
1
4
0
1
0
27
43
1
12
132
7
2
2
31
167
4
5
9
1
1
1
1
6
33
2
0
60
1
1
7
6
98
158
0
1
0
227
10
3
65
2
1
1
1
1
4
306
16
180
1
1
259
2
1
5
1
0
1
2
12
3
0
1662
168
243
68
1
258
46
1
1
21
2
1
3
0
22
1
26
1
63
1
1
1
12
17
1
80
3
1
1
37
2
6
3
1
4
7
8
2
7
10
83
227
2
14
1
2
3
1
7
1
18
1
1
5
3
1
1
14
1
1
3
4
1
3
1
15
1
2
1
1
3
1
1
1
9
18
32
1
20
0
5
1
7
1
1
1
1
1
30
2
2
3
2
2
202
41
66
35
1
19
4
9
19
26
3
2
1
4
1
2
2
1
3
18
134
1
12
1
4
1
368
2
10
0
1
4
219
1
8
55
18
25
201
1
27
24
1
22
3
12
1
4
4
14
0
0
2
1
4
1
5
11
1
10
1
1
2
7
88
32
55
20
48
362
163
19
0
670
12
832
2
0
3046
34
187
13
25
1
4
1
46
121
11
309
12
313
418
1622
30
27
11
1
4
5
40
29
1
13
11
2
18
2
7
0
9
18
12
1
0
26
2
2
2
1
4
1
31
0
37
9
14
18
10
6
36
5
31
2
1
37
3
151
7
112
6
1
32
15
541
488
1365
634
4
323
4
30
5
57
1
2
0
1
1
263
20
1
2
1
2
1
10
1
0
1
7
1
1
57
9
11
69
7
7
44
2
1
4
4
2
0
1
1
2
3
1
1
14
2
2
1
2
61
1
5
1
1
2
18
21
25
1
1
7
32
0
2
13
1
11
1
0
3
78
1
1
2
7
33
1
4
2
6
58
1
172
23
1
10
2
4
7
1
5
1
1
0
4
1
9
10
26
14
34
2
13
3
13
8
1
4
1
5
1
1
2
2
2
19
3
2
2
17
3
0
2
2
9
54
6
5
43
5
7
1
5
5
15
1
1
3
1
6
30
1
1
2
1
1
1
4
0
8
1
6
4
2
2
1
4
1
3
4
1
1
2
2
2
3
1
244
3
7
6
61
1
1
11
17
1
1
1
2
5
34
1
131
6
3
5
1
7
1
1
120
64
4
5
0
5
4
2
11
1
2
1
1
1
3
92
3
2
1
31
12
2
288
2033
125
2
4
24
0
228
16
1
1
15
28
24
1
2
1
3
1
16
2
1
1
0
1
1
9
1
7
1
1
1
1
2
1
2
1
3
1
3
2
5
1
3
4
8
3
46
11
1
1
16
1
1
79
11
4
1
12
46
3
40
5
1
13
1
1
21
9
14
1
3
1
51
4
172
6
1
1
1
1
2
7
5
2
2
6
1
2
1
1
5
1
3
1
9
10
1
2
10
1
3
3
4
0
21
16
1
2
1
5
1
1
1
9
1
115
4
12
2
4
2
1
2
3
70
5
24
1
2
1
26
1
4
4
0
2
1
1
3
2
1
7
2
4
2
31
1
13
1
1
1
2
1
6
339
27
2
0
4
1
1
101
2
2
12
114
10
1
1
5
9
2
14
6
18
1
26
1
317
2
9
17
2
3
1
12
4
1
3
6
3
21
1152
3
2
444
28
64
2
4
3
1
1
1
22
5
1
36
25
1
11
1
1
23
75
4
57
2
3
8
2
1
1
1
1
2
3
1
2
2
7
1
4
5
1
1
1
1
1
1
8
0
1
1
5
15
2
43
1
1
2
1
7
1
35
1
12
7
3
4
1
5
6
1
3
608
478
1053
1
4
1
2
35
1
1
1
2
0
5
6
1
1
23
1
2
1
1
7
33
46
34
1
1
4
4
21
1
3
2
1
25
1
1
1
2
1
1
157
2
1
4
3
2
15
2
1
1
6
1
1
26
3
77
79
1
6
2
1
28
0
6
2
1
1
105
17
12
10
1
2
19
1
4
76
1
1
1
33
3
3
6
30
6
1
1
1
4
1
1
1
2
1
10
1
20
7
3
10
3
2
3
1
3
1
1
2
1
1
2
4
11
1
10
7
1
10
5
7
2
5
0
9
1
15
2
1
20
36
3
4
1
8
1
3
11
1
10
10
1
4
2
1
4
221
3
2
2
2
30
5
1
12
2
3
20
1
3
1
8
5
2
1
1
1
1
5
35
1
1
1
1
18
1
22
2
2
2
2
21
2
73
9
9
1
7
56
19
23
8
1
6
13
1
4
2
1
3
1
1
10
5
1
8
3
9
1
1
4
1
23
3
3
1
18
8
64
1
6
2
15
1
11
1
3
3
1
6
3
1
1
6
1
1
4
1
1
4
1
1
7
5
3
2
1
336
3
7
53
1
1
6
2
17
2
124
10
27
3
129
5
3
31
1
1
1
7
16
2
3
2
1
4
1
12
7
2
1
44
1
12
2
3
12
29
2
2
1
4
3
8
1
2
4
3
1
141
1
1
3
0
1
68
0
1
3
102
3
1
1
0
1
1
0
2
9
187
2
21
2
4
0
149
1
2
0
1
3
1
1
740
2
1
1
1
1
2
1
161
0
0
0
5
7
3
2
8
1
1
0
287
11
1
4
0
66
3
1
1
18
15
6
1
23
1
11
1
3
1
2
7
0
118
20
435
6
25
1
96
137
3
4
62
187
717
391
0
70
1
1
1
1
1
2
1
1
56
6
16
34
9
435
213
8
0
23
3
2
4
55
19
531
1
14
126
11
35
4
4
17
1
1
35
95
9
29
4
60
15
359
7
51
23
3
7
11
1
1
5
17
797
99
108
37
77
12
173
1
45
3
5
3
11
6
74
4
246
37
66
193
29
294
2
3
286
173
54
2
2
1
3
2
1
19
5
5
2
2
1
6
1
0
1
0
8
1
4
9
120
183
69
1
4331
29
353
207
4
203
3
154
49
1
128
1
8
2
1
129
901
1
2
1
2
150
3
32
8
17
7
6
10
1
1
4
1
0
6
1
5
2
8
0
2
4
1
2
2
2
23
16
2
1
15
1
7
2
2
1
4
1
2
1
2
17
65
1
1
33
5
15
27
48
3
34
10
3
22
7
9
41
11
3895
3
1
20
3
1
12
12
196
5
2
0
1
7
1
2
0
6
1
1
1
4
5
666
181
94
1
746
4
270
1
3
46
5262
470
6
2
2
11
8
110
1
1
2
1
28
1
1
0
24
3
2
2
1
10
10
2
2
1
3
21
1
15
5
180
17
8
3
9
7
3
5
34
1
2
6
16
377
8
31
1
5
3
28
2
3
2
2
5
1
1
1
1
10
4
8
952
1
2
14
3
4
14
0
7
4
1
24
10
2
1
21
1
0
8
9
2
21
1
6
6
1
3
152
3
7
1
3
3
2
31
0
139
6
45
19
1
41
11
57
94
49
15
1
68
1
4
0
16
2
2
2
1
522
446
10
2331
79
616
22490
1297
0
1
2
2
11
36
3
1
2
1
5
2
33
0
7
1
346
1
1
1
1
5
2
5
3
53
4
7
3
2
1
4
10
22
9
3
2
7
2
1
6
1
4
1
0
2
1
8
1
4
1
5
1
21
1
1
7
1
1
1
93
1
2
0
10
7
141
1
3
11
1
1
7
1
144
2
2
201
3
12
1
6
1
0
0
1
1
77
3
68
1
3
6
9
6
1
2
1
1
1
1
4
2
208
218
4
0
104
1
8970
1
1
1
2
1
1
0
1
1
3
1
1
17
3
47
1
1
3
3
18
1
2
107
249
1
2
1
451
20
225
0
15
34
4
10
164
27
1
1
2
11
14
1
1
2
2
1
7
2
12
10
8
1
1
34
4
0
0
43
12
1
1
1
26
1
1
1
1
206
1
5
1
46
7
2
1
2
4
1
2
1
3
4
2
2
21
12
0
19
3
0
11
2
7
1
14
15
0
6
4
2
86
158
2
2
3
3
2
1
2
1
0
1
1
1
1
1
41
2
10
5
2
0
4
0
21
4
3
3
1
4
7
2
1
9
0
8
2
2
2
1
8
8
2
3
1
1
3
162
3
13
8
41
6
535
10
0
42
342
32
7
3
1
2
1
40
2
1
3
2
2
1
2
5
1
1
92
12
1
4
7
3
2
1
3
2
51
3
1
2
4
3
1
5
31
1
2
1
67
1
15
3
1
